1300,1,11.0.0.198,11.0.0.249
1300,1,11.0.0.198,11.0.0.150
1300,1,11.0.0.198,11.0.0.150
1300,1,11.0.0.198,11.0.0.249
1300,1,11.0.0.198,11.0.0.249
1300,1,11.0.0.198,11.0.0.150
1300,3,11.0.0.198,11.0.0.138
1300,3,11.0.0.198,11.0.0.138
1300,3,11.0.0.198,11.0.0.138
1300,4,11.0.0.198,11.0.0.275
1300,4,11.0.0.198,11.0.0.275
1300,4,11.0.0.198,11.0.0.30
1300,4,11.0.0.198,11.0.0.275
1300,4,11.0.0.198,11.0.0.30
1300,5,11.0.0.198,11.0.0.275
1300,5,11.0.0.198,11.0.0.275
1300,5,11.0.0.198,11.0.0.275
1300,7,11.0.0.198,11.0.0.20
1300,7,11.0.0.198,11.0.0.20
1300,7,11.0.0.198,11.0.0.341
1300,7,11.0.0.198,11.0.0.341
1300,7,11.0.0.198,11.0.0.341
1300,9,11.0.0.198,11.0.0.6
1300,9,11.0.0.198,11.0.0.6
1300,9,11.0.0.198,11.0.0.6
1300,11,11.0.0.198,11.0.0.275
1300,11,11.0.0.198,11.0.0.275
1300,12,11.0.0.198,11.0.0.293
1300,12,11.0.0.198,11.0.0.293
1300,12,11.0.0.198,11.0.0.293
1300,12,11.0.0.198,11.0.0.319
1300,13,11.0.0.198,11.0.0.216
1300,13,11.0.0.198,11.0.0.22
1300,14,11.0.0.198,11.0.0.179
1300,14,11.0.0.198,11.0.0.179
1300,14,11.0.0.198,11.0.0.179
1300,15,11.0.0.198,11.0.0.275
1300,15,11.0.0.198,11.0.0.275
1300,15,11.0.0.198,11.0.0.275
1300,19,11.0.0.198,11.0.0.256
1300,19,11.0.0.198,11.0.0.256
1300,19,11.0.0.198,11.0.0.308
1300,19,11.0.0.198,11.0.0.308
1300,19,11.0.0.198,11.0.0.308
1300,22,11.0.0.198,11.0.0.347
1300,22,11.0.0.198,11.0.0.347
1300,22,11.0.0.198,11.0.0.305
1300,22,11.0.0.198,11.0.0.347
1300,22,11.0.0.198,11.0.0.305
1300,22,11.0.0.198,11.0.0.305
1300,25,11.0.0.198,11.0.0.86
1300,25,11.0.0.198,11.0.0.86
1300,26,11.0.0.198,11.0.0.256
1300,26,11.0.0.198,11.0.0.256
1300,26,11.0.0.198,11.0.0.58
1300,26,11.0.0.198,11.0.0.256
1300,26,11.0.0.198,11.0.0.58
1300,27,11.0.0.198,11.0.0.293
1300,27,11.0.0.198,11.0.0.293
1300,28,11.0.0.198,11.0.0.68
1300,28,11.0.0.198,11.0.0.68
1300,29,11.0.0.198,11.0.0.138
1300,29,11.0.0.198,11.0.0.138
1300,31,11.0.0.198,11.0.0.150
1300,31,11.0.0.198,11.0.0.86
1300,31,11.0.0.198,11.0.0.86
1300,34,11.0.0.198,11.0.0.209
1300,34,11.0.0.198,11.0.0.101
1300,34,11.0.0.198,11.0.0.209
1300,34,11.0.0.198,11.0.0.101
1300,34,11.0.0.198,11.0.0.209
1300,35,11.0.0.198,11.0.0.58
1300,35,11.0.0.198,11.0.0.58
1300,35,11.0.0.198,11.0.0.308
1300,35,11.0.0.198,11.0.0.308
1300,35,11.0.0.198,11.0.0.58
1300,36,11.0.0.198,11.0.0.154
1300,36,11.0.0.198,11.0.0.154
1300,37,11.0.0.198,11.0.0.275
1300,37,11.0.0.198,11.0.0.275
1300,37,11.0.0.198,11.0.0.275
1300,37,11.0.0.198,11.0.0.347
1300,37,11.0.0.198,11.0.0.347
1300,39,11.0.0.198,11.0.0.68
1300,39,11.0.0.198,11.0.0.341
1300,39,11.0.0.198,11.0.0.68
1300,39,11.0.0.198,11.0.0.341
1300,39,11.0.0.198,11.0.0.68
1300,44,11.0.0.198,11.0.0.58
1300,45,11.0.0.198,11.0.0.256
1300,45,11.0.0.198,11.0.0.256
1300,46,11.0.0.198,11.0.0.256
1300,46,11.0.0.198,11.0.0.256
1300,46,11.0.0.198,11.0.0.20
1300,46,11.0.0.198,11.0.0.20
1300,47,11.0.0.198,11.0.0.285
1300,47,11.0.0.198,11.0.0.285
1300,48,11.0.0.198,11.0.0.20
1300,48,11.0.0.198,11.0.0.6
1300,48,11.0.0.198,11.0.0.20
1300,48,11.0.0.198,11.0.0.6
1300,49,11.0.0.198,11.0.0.341
1300,49,11.0.0.198,11.0.0.341
1300,49,11.0.0.198,11.0.0.341
1300,50,11.0.0.198,11.0.0.154
1300,50,11.0.0.198,11.0.0.154
1300,50,11.0.0.198,11.0.0.20
1300,50,11.0.0.198,11.0.0.20
1300,51,11.0.0.198,11.0.0.151
1300,51,11.0.0.198,11.0.0.151
1300,52,11.0.0.198,11.0.0.2
1300,52,11.0.0.198,11.0.0.6
1300,52,11.0.0.198,11.0.0.2
1300,52,11.0.0.198,11.0.0.2
1300,52,11.0.0.198,11.0.0.6
1300,53,11.0.0.198,11.0.0.33
1300,53,11.0.0.198,11.0.0.33
1300,53,11.0.0.198,11.0.0.33
1300,53,11.0.0.198,11.0.0.310
1300,54,11.0.0.198,11.0.0.341
1300,54,11.0.0.198,11.0.0.341
1300,54,11.0.0.198,11.0.0.341
1300,55,11.0.0.198,11.0.0.273
1300,55,11.0.0.198,11.0.0.273
1300,56,11.0.0.198,11.0.0.151
1300,56,11.0.0.198,11.0.0.151
1300,58,11.0.0.198,11.0.0.209
1300,58,11.0.0.198,11.0.0.33
1300,58,11.0.0.198,11.0.0.209
1300,58,11.0.0.198,11.0.0.209
1300,58,11.0.0.198,11.0.0.33
1300,59,11.0.0.198,11.0.0.285
1300,59,11.0.0.198,11.0.0.151
1300,59,11.0.0.198,11.0.0.285
1300,61,11.0.0.198,11.0.0.190
1300,61,11.0.0.198,11.0.0.190
1300,62,11.0.0.198,11.0.0.319
1300,62,11.0.0.198,11.0.0.6
1300,62,11.0.0.198,11.0.0.319
1300,62,11.0.0.198,11.0.0.6
1300,63,11.0.0.198,11.0.0.209
1300,63,11.0.0.198,11.0.0.209
1300,63,11.0.0.198,11.0.0.209
1300,64,11.0.0.198,11.0.0.311
1300,64,11.0.0.198,11.0.0.311
1300,67,11.0.0.198,11.0.0.249
1300,67,11.0.0.198,11.0.0.311
1300,67,11.0.0.198,11.0.0.249
1300,67,11.0.0.198,11.0.0.311
1300,67,11.0.0.198,11.0.0.249
1300,71,11.0.0.198,11.0.0.112
1300,71,11.0.0.198,11.0.0.112
1300,71,11.0.0.198,11.0.0.30
1300,71,11.0.0.198,11.0.0.30
1300,72,11.0.0.198,11.0.0.112
1300,72,11.0.0.198,11.0.0.112
1300,72,11.0.0.198,11.0.0.112
1300,76,11.0.0.198,11.0.0.285
1300,76,11.0.0.198,11.0.0.285
1300,77,11.0.0.198,11.0.0.154
1300,77,11.0.0.198,11.0.0.154
1300,78,11.0.0.198,11.0.0.224
1300,79,11.0.0.198,11.0.0.72
1300,79,11.0.0.198,11.0.0.18
1300,81,11.0.0.198,11.0.0.72
1300,81,11.0.0.198,11.0.0.20
1300,81,11.0.0.198,11.0.0.20
1300,81,11.0.0.198,11.0.0.72
1300,81,11.0.0.198,11.0.0.20
1300,82,11.0.0.198,11.0.0.18
1300,82,11.0.0.198,11.0.0.18
1300,84,11.0.0.198,11.0.0.347
1300,84,11.0.0.198,11.0.0.341
1300,84,11.0.0.198,11.0.0.341
1300,84,11.0.0.198,11.0.0.347
1300,87,11.0.0.198,11.0.0.5
1300,87,11.0.0.198,11.0.0.58
1300,87,11.0.0.198,11.0.0.58
1300,87,11.0.0.198,11.0.0.5
1300,87,11.0.0.198,11.0.0.5
1300,87,11.0.0.198,11.0.0.58
1300,89,11.0.0.198,11.0.0.249
1300,89,11.0.0.198,11.0.0.249
1300,89,11.0.0.198,11.0.0.156
1300,89,11.0.0.198,11.0.0.249
1300,90,11.0.0.198,11.0.0.22
1300,90,11.0.0.198,11.0.0.22
1300,90,11.0.0.198,11.0.0.151
1300,90,11.0.0.198,11.0.0.151
1300,90,11.0.0.198,11.0.0.151
1300,91,11.0.0.198,11.0.0.287
1300,91,11.0.0.198,11.0.0.287
1300,91,11.0.0.198,11.0.0.275
1300,91,11.0.0.198,11.0.0.275
1300,92,11.0.0.198,11.0.0.150
1300,92,11.0.0.198,11.0.0.256
1300,92,11.0.0.198,11.0.0.150
1300,95,11.0.0.198,11.0.0.190
1300,96,11.0.0.198,11.0.0.72
1300,96,11.0.0.198,11.0.0.72
1300,96,11.0.0.198,11.0.0.72
1300,97,11.0.0.198,11.0.0.216
1300,97,11.0.0.198,11.0.0.58
1300,97,11.0.0.198,11.0.0.58
1300,98,11.0.0.198,11.0.0.190
1300,98,11.0.0.198,11.0.0.190
1300,98,11.0.0.198,11.0.0.20
1300,98,11.0.0.198,11.0.0.20
1300,99,11.0.0.198,11.0.0.5
1300,99,11.0.0.198,11.0.0.5
1300,99,11.0.0.198,11.0.0.30
1300,99,11.0.0.198,11.0.0.30
1300,99,11.0.0.198,11.0.0.5
1300,99,11.0.0.198,11.0.0.30
1300,101,11.0.0.198,11.0.0.311
1300,101,11.0.0.198,11.0.0.311
1300,101,11.0.0.198,11.0.0.311
1300,102,11.0.0.198,11.0.0.22
1300,103,11.0.0.198,11.0.0.22
1300,103,11.0.0.198,11.0.0.58
1300,103,11.0.0.198,11.0.0.22
1300,103,11.0.0.198,11.0.0.58
1300,103,11.0.0.198,11.0.0.58
1300,103,11.0.0.198,11.0.0.22
1300,104,11.0.0.198,11.0.0.310
1300,104,11.0.0.198,11.0.0.310
1300,105,11.0.0.198,11.0.0.179
1300,105,11.0.0.198,11.0.0.179
1300,105,11.0.0.198,11.0.0.18
1300,106,11.0.0.198,11.0.0.216
1300,106,11.0.0.198,11.0.0.216
1300,106,11.0.0.198,11.0.0.216
1300,107,11.0.0.198,11.0.0.20
1300,107,11.0.0.198,11.0.0.20
1300,108,11.0.0.198,11.0.0.137
1300,108,11.0.0.198,11.0.0.137
1300,109,11.0.0.198,11.0.0.60
1300,109,11.0.0.198,11.0.0.60
1300,109,11.0.0.198,11.0.0.60
1300,110,11.0.0.198,11.0.0.209
1300,110,11.0.0.198,11.0.0.305
1300,110,11.0.0.198,11.0.0.209
1300,110,11.0.0.198,11.0.0.305
1300,110,11.0.0.198,11.0.0.209
1300,111,11.0.0.198,11.0.0.341
1300,111,11.0.0.198,11.0.0.341
1300,113,11.0.0.198,11.0.0.311
1300,113,11.0.0.198,11.0.0.2
1300,113,11.0.0.198,11.0.0.2
1300,113,11.0.0.198,11.0.0.2
1300,113,11.0.0.198,11.0.0.311
1300,114,11.0.0.198,11.0.0.293
1300,114,11.0.0.198,11.0.0.18
1300,114,11.0.0.198,11.0.0.18
1300,114,11.0.0.198,11.0.0.293
1300,115,11.0.0.198,11.0.0.150
1300,115,11.0.0.198,11.0.0.150
1300,115,11.0.0.198,11.0.0.150
1300,116,11.0.0.198,11.0.0.138
1300,116,11.0.0.198,11.0.0.287
1300,116,11.0.0.198,11.0.0.138
1300,118,11.0.0.198,11.0.0.22
1300,118,11.0.0.198,11.0.0.22
1300,119,11.0.0.198,11.0.0.311
1300,120,11.0.0.198,11.0.0.179
1300,120,11.0.0.198,11.0.0.319
1300,120,11.0.0.198,11.0.0.319
1300,121,11.0.0.198,11.0.0.310
1300,121,11.0.0.198,11.0.0.310
1300,122,11.0.0.198,11.0.0.287
1300,122,11.0.0.198,11.0.0.287
1300,124,11.0.0.198,11.0.0.154
1300,124,11.0.0.198,11.0.0.154
1300,125,11.0.0.198,11.0.0.179
1300,125,11.0.0.198,11.0.0.179
1300,125,11.0.0.198,11.0.0.179
1300,125,11.0.0.198,11.0.0.72
1300,126,11.0.0.198,11.0.0.263
1300,126,11.0.0.198,11.0.0.263
1300,126,11.0.0.198,11.0.0.5
1300,126,11.0.0.198,11.0.0.5
1300,126,11.0.0.198,11.0.0.263
1300,127,11.0.0.198,11.0.0.2
1300,127,11.0.0.198,11.0.0.2
1300,128,11.0.0.198,11.0.0.33
1300,128,11.0.0.198,11.0.0.150
1300,128,11.0.0.198,11.0.0.150
1300,128,11.0.0.198,11.0.0.150
1300,128,11.0.0.198,11.0.0.33
1300,129,11.0.0.198,11.0.0.216
1300,129,11.0.0.198,11.0.0.216
1300,129,11.0.0.198,11.0.0.216
1300,130,11.0.0.198,11.0.0.293
1300,130,11.0.0.198,11.0.0.293
1300,130,11.0.0.198,11.0.0.319
1300,130,11.0.0.198,11.0.0.319
1300,132,11.0.0.198,11.0.0.60
1300,132,11.0.0.198,11.0.0.60
1300,135,11.0.0.198,11.0.0.293
1300,135,11.0.0.198,11.0.0.293
1300,136,11.0.0.198,11.0.0.263
1300,136,11.0.0.198,11.0.0.263
1300,138,11.0.0.198,11.0.0.224
1300,138,11.0.0.198,11.0.0.293
1300,138,11.0.0.198,11.0.0.224
1300,138,11.0.0.198,11.0.0.293
1300,139,11.0.0.198,11.0.0.311
1300,139,11.0.0.198,11.0.0.311
1300,140,11.0.0.198,11.0.0.20
1300,140,11.0.0.198,11.0.0.20
1300,140,11.0.0.198,11.0.0.20
1300,143,11.0.0.198,11.0.0.293
1300,143,11.0.0.198,11.0.0.293
1300,144,11.0.0.198,11.0.0.319
1300,144,11.0.0.198,11.0.0.319
1300,144,11.0.0.198,11.0.0.209
1300,144,11.0.0.198,11.0.0.209
1300,145,11.0.0.198,11.0.0.296
1300,145,11.0.0.198,11.0.0.256
1300,145,11.0.0.198,11.0.0.296
1300,146,11.0.0.198,11.0.0.60
1300,146,11.0.0.198,11.0.0.5
1300,146,11.0.0.198,11.0.0.5
1300,146,11.0.0.198,11.0.0.60
1300,146,11.0.0.198,11.0.0.60
1300,147,11.0.0.198,11.0.0.179
1300,147,11.0.0.198,11.0.0.6
1300,147,11.0.0.198,11.0.0.179
1300,147,11.0.0.198,11.0.0.6
1300,149,11.0.0.198,11.0.0.112
1300,149,11.0.0.198,11.0.0.273
1300,149,11.0.0.198,11.0.0.273
1300,149,11.0.0.198,11.0.0.112
1300,150,11.0.0.198,11.0.0.308
1300,150,11.0.0.198,11.0.0.308
1300,150,11.0.0.198,11.0.0.308
1300,151,11.0.0.198,11.0.0.216
1300,151,11.0.0.198,11.0.0.216
1300,152,11.0.0.198,11.0.0.328
1300,152,11.0.0.198,11.0.0.293
1300,152,11.0.0.198,11.0.0.293
1300,152,11.0.0.198,11.0.0.328
1300,153,11.0.0.198,11.0.0.5
1300,153,11.0.0.198,11.0.0.5
1300,153,11.0.0.198,11.0.0.5
1300,154,11.0.0.198,11.0.0.224
1300,156,11.0.0.198,11.0.0.341
1300,156,11.0.0.198,11.0.0.341
1300,157,11.0.0.198,11.0.0.287
1300,157,11.0.0.198,11.0.0.273
1300,157,11.0.0.198,11.0.0.287
1300,157,11.0.0.198,11.0.0.273
1300,159,11.0.0.198,11.0.0.154
1300,159,11.0.0.198,11.0.0.308
1300,159,11.0.0.198,11.0.0.154
1300,159,11.0.0.198,11.0.0.308
1300,159,11.0.0.198,11.0.0.308
1300,160,11.0.0.198,11.0.0.319
1300,160,11.0.0.198,11.0.0.20
1300,160,11.0.0.198,11.0.0.20
1300,160,11.0.0.198,11.0.0.20
1300,161,11.0.0.198,11.0.0.305
1300,161,11.0.0.198,11.0.0.275
1300,161,11.0.0.198,11.0.0.305
1300,162,11.0.0.198,11.0.0.58
1300,162,11.0.0.198,11.0.0.156
1300,162,11.0.0.198,11.0.0.58
1300,162,11.0.0.198,11.0.0.156
1300,163,11.0.0.198,11.0.0.172
1300,163,11.0.0.198,11.0.0.172
1300,163,11.0.0.198,11.0.0.275
1300,163,11.0.0.198,11.0.0.275
1300,164,11.0.0.198,11.0.0.293
1300,164,11.0.0.198,11.0.0.293
1300,164,11.0.0.198,11.0.0.293
1300,165,11.0.0.198,11.0.0.137
1300,165,11.0.0.198,11.0.0.137
1300,165,11.0.0.198,11.0.0.137
1300,165,11.0.0.198,11.0.0.5
1300,165,11.0.0.198,11.0.0.5
1300,165,11.0.0.198,11.0.0.5
1300,166,11.0.0.198,11.0.0.33
1300,166,11.0.0.198,11.0.0.33
1300,166,11.0.0.198,11.0.0.33
1300,167,11.0.0.198,11.0.0.101
1300,167,11.0.0.198,11.0.0.179
1300,167,11.0.0.198,11.0.0.179
1300,167,11.0.0.198,11.0.0.101
1300,168,11.0.0.198,11.0.0.150
1300,168,11.0.0.198,11.0.0.150
1300,169,11.0.0.198,11.0.0.179
1300,169,11.0.0.198,11.0.0.179
1300,169,11.0.0.198,11.0.0.179
1300,170,11.0.0.198,11.0.0.310
1300,170,11.0.0.198,11.0.0.138
1300,170,11.0.0.198,11.0.0.138
1300,170,11.0.0.198,11.0.0.310
1300,170,11.0.0.198,11.0.0.138
1300,170,11.0.0.198,11.0.0.310
1300,171,11.0.0.198,11.0.0.328
1300,173,11.0.0.198,11.0.0.319
1300,173,11.0.0.198,11.0.0.319
1300,175,11.0.0.198,11.0.0.101
1300,175,11.0.0.198,11.0.0.101
1300,175,11.0.0.198,11.0.0.22
1300,175,11.0.0.198,11.0.0.22
1300,176,11.0.0.198,11.0.0.209
1300,176,11.0.0.198,11.0.0.209
1300,178,11.0.0.198,11.0.0.2
1300,178,11.0.0.198,11.0.0.2
1300,178,11.0.0.198,11.0.0.256
1300,178,11.0.0.198,11.0.0.256
1300,179,11.0.0.198,11.0.0.6
1300,179,11.0.0.198,11.0.0.6
1300,179,11.0.0.198,11.0.0.6
1300,181,11.0.0.198,11.0.0.154
1300,181,11.0.0.198,11.0.0.154
1300,181,11.0.0.198,11.0.0.154
1300,184,11.0.0.198,11.0.0.263
1300,184,11.0.0.198,11.0.0.22
1300,184,11.0.0.198,11.0.0.22
1300,184,11.0.0.198,11.0.0.263
1300,184,11.0.0.198,11.0.0.22
1300,185,11.0.0.198,11.0.0.275
1300,186,11.0.0.198,11.0.0.296
1300,186,11.0.0.198,11.0.0.296
1300,187,11.0.0.198,11.0.0.5
1300,187,11.0.0.198,11.0.0.263
1300,187,11.0.0.198,11.0.0.5
1300,187,11.0.0.198,11.0.0.263
1300,187,11.0.0.198,11.0.0.5
1300,187,11.0.0.198,11.0.0.263
1300,188,11.0.0.198,11.0.0.341
1300,188,11.0.0.198,11.0.0.341
1300,188,11.0.0.198,11.0.0.20
1300,188,11.0.0.198,11.0.0.341
1300,188,11.0.0.198,11.0.0.20
1300,189,11.0.0.198,11.0.0.311
1300,190,11.0.0.198,11.0.0.249
1300,192,11.0.0.198,11.0.0.68
1300,192,11.0.0.198,11.0.0.319
1300,192,11.0.0.198,11.0.0.319
1300,192,11.0.0.198,11.0.0.319
1300,194,11.0.0.198,11.0.0.18
1300,194,11.0.0.198,11.0.0.18
1300,194,11.0.0.198,11.0.0.347
1300,194,11.0.0.198,11.0.0.347
1300,194,11.0.0.198,11.0.0.18
1300,196,11.0.0.198,11.0.0.18
1300,196,11.0.0.198,11.0.0.18
1300,196,11.0.0.198,11.0.0.151
1300,196,11.0.0.198,11.0.0.18
1300,196,11.0.0.198,11.0.0.151
1300,198,11.0.0.198,11.0.0.150
1300,198,11.0.0.198,11.0.0.273
1300,198,11.0.0.198,11.0.0.273
1300,198,11.0.0.198,11.0.0.150
1300,198,11.0.0.198,11.0.0.150
1300,199,11.0.0.198,11.0.0.347
1300,199,11.0.0.198,11.0.0.347
1300,199,11.0.0.198,11.0.0.347
1300,200,11.0.0.198,11.0.0.224
1300,200,11.0.0.198,11.0.0.224
1300,201,11.0.0.198,11.0.0.209
1300,201,11.0.0.198,11.0.0.209
1300,203,11.0.0.198,11.0.0.263
1300,205,11.0.0.198,11.0.0.310
1300,205,11.0.0.198,11.0.0.310
1300,205,11.0.0.198,11.0.0.310
1300,207,11.0.0.198,11.0.0.216
1300,207,11.0.0.198,11.0.0.216
1300,207,11.0.0.198,11.0.0.150
1300,207,11.0.0.198,11.0.0.150
1300,207,11.0.0.198,11.0.0.216
1300,208,11.0.0.198,11.0.0.308
1300,209,11.0.0.198,11.0.0.156
1300,209,11.0.0.198,11.0.0.154
1300,209,11.0.0.198,11.0.0.154
1300,209,11.0.0.198,11.0.0.154
1300,211,11.0.0.198,11.0.0.112
1300,212,11.0.0.198,11.0.0.112
1300,212,11.0.0.198,11.0.0.112
1300,212,11.0.0.198,11.0.0.172
1300,212,11.0.0.198,11.0.0.112
1300,212,11.0.0.198,11.0.0.172
1300,212,11.0.0.198,11.0.0.172
1300,214,11.0.0.198,11.0.0.216
1300,214,11.0.0.198,11.0.0.138
1300,214,11.0.0.198,11.0.0.216
1300,215,11.0.0.198,11.0.0.311
1300,215,11.0.0.198,11.0.0.18
1300,215,11.0.0.198,11.0.0.18
1300,215,11.0.0.198,11.0.0.311
1300,216,11.0.0.198,11.0.0.273
1300,217,11.0.0.198,11.0.0.22
1300,217,11.0.0.198,11.0.0.22
1300,217,11.0.0.198,11.0.0.209
1300,217,11.0.0.198,11.0.0.209
1300,219,11.0.0.198,11.0.0.5
1300,219,11.0.0.198,11.0.0.5
1300,219,11.0.0.198,11.0.0.5
1300,221,11.0.0.198,11.0.0.296
1300,221,11.0.0.198,11.0.0.275
1300,221,11.0.0.198,11.0.0.296
1300,222,11.0.0.198,11.0.0.287
1300,222,11.0.0.198,11.0.0.72
1300,222,11.0.0.198,11.0.0.287
1300,222,11.0.0.198,11.0.0.72
1300,223,11.0.0.198,11.0.0.5
1300,223,11.0.0.198,11.0.0.209
1300,223,11.0.0.198,11.0.0.5
1300,225,11.0.0.198,11.0.0.72
1300,225,11.0.0.198,11.0.0.20
1300,225,11.0.0.198,11.0.0.72
1300,226,11.0.0.198,11.0.0.33
1300,226,11.0.0.198,11.0.0.33
1300,226,11.0.0.198,11.0.0.33
1300,227,11.0.0.198,11.0.0.256
1300,227,11.0.0.198,11.0.0.256
1300,227,11.0.0.198,11.0.0.285
1300,227,11.0.0.198,11.0.0.256
1300,231,11.0.0.198,11.0.0.72
1300,231,11.0.0.198,11.0.0.311
1300,231,11.0.0.198,11.0.0.311
1300,231,11.0.0.198,11.0.0.311
1300,233,11.0.0.198,11.0.0.319
1300,233,11.0.0.198,11.0.0.263
1300,233,11.0.0.198,11.0.0.263
1300,233,11.0.0.198,11.0.0.319
1300,234,11.0.0.198,11.0.0.341
1300,234,11.0.0.198,11.0.0.341
1300,234,11.0.0.198,11.0.0.328
1300,236,11.0.0.198,11.0.0.328
1300,236,11.0.0.198,11.0.0.328
1300,236,11.0.0.198,11.0.0.328
1300,237,11.0.0.198,11.0.0.179
1300,237,11.0.0.198,11.0.0.179
1300,238,11.0.0.198,11.0.0.216
1300,238,11.0.0.198,11.0.0.328
1300,238,11.0.0.198,11.0.0.328
1300,238,11.0.0.198,11.0.0.216
1300,239,11.0.0.198,11.0.0.60
1300,241,11.0.0.198,11.0.0.68
1300,242,11.0.0.198,11.0.0.150
1300,242,11.0.0.198,11.0.0.150
1300,243,11.0.0.198,11.0.0.209
1300,243,11.0.0.198,11.0.0.209
1300,243,11.0.0.198,11.0.0.216
1300,243,11.0.0.198,11.0.0.216
1300,243,11.0.0.198,11.0.0.209
1300,245,11.0.0.198,11.0.0.151
1300,245,11.0.0.198,11.0.0.151
1300,245,11.0.0.198,11.0.0.150
1300,245,11.0.0.198,11.0.0.150
1300,246,11.0.0.198,11.0.0.190
1300,246,11.0.0.198,11.0.0.190
1300,246,11.0.0.198,11.0.0.2
1300,249,11.0.0.198,11.0.0.5
1300,249,11.0.0.198,11.0.0.5
1300,250,11.0.0.198,11.0.0.5
1300,250,11.0.0.198,11.0.0.5
1300,253,11.0.0.198,11.0.0.341
1300,256,11.0.0.198,11.0.0.293
1300,256,11.0.0.198,11.0.0.293
1300,256,11.0.0.198,11.0.0.293
1300,257,11.0.0.198,11.0.0.308
1300,257,11.0.0.198,11.0.0.308
1300,257,11.0.0.198,11.0.0.308
1300,261,11.0.0.198,11.0.0.319
1300,261,11.0.0.198,11.0.0.319
1300,261,11.0.0.198,11.0.0.319
1300,263,11.0.0.198,11.0.0.328
1300,263,11.0.0.198,11.0.0.328
1300,263,11.0.0.198,11.0.0.328
1300,267,11.0.0.198,11.0.0.263
1300,267,11.0.0.198,11.0.0.154
1300,267,11.0.0.198,11.0.0.154
1300,267,11.0.0.198,11.0.0.263
1300,267,11.0.0.198,11.0.0.154
1300,268,11.0.0.198,11.0.0.20
1300,268,11.0.0.198,11.0.0.20
1300,269,11.0.0.198,11.0.0.172
1300,270,11.0.0.198,11.0.0.68
1300,270,11.0.0.198,11.0.0.68
1300,274,11.0.0.198,11.0.0.190
1300,274,11.0.0.198,11.0.0.190
1300,275,11.0.0.198,11.0.0.30
1300,275,11.0.0.198,11.0.0.30
1300,275,11.0.0.198,11.0.0.30
1300,278,11.0.0.198,11.0.0.209
1300,278,11.0.0.198,11.0.0.209
1300,278,11.0.0.198,11.0.0.263
1300,278,11.0.0.198,11.0.0.209
1300,279,11.0.0.198,11.0.0.72
1300,279,11.0.0.198,11.0.0.296
1300,279,11.0.0.198,11.0.0.72
1300,279,11.0.0.198,11.0.0.296
1300,279,11.0.0.198,11.0.0.72
1300,281,11.0.0.198,11.0.0.319
1300,281,11.0.0.198,11.0.0.319
1300,281,11.0.0.198,11.0.0.319
1300,284,11.0.0.198,11.0.0.328
1300,284,11.0.0.198,11.0.0.328
1300,284,11.0.0.198,11.0.0.328
1300,285,11.0.0.198,11.0.0.216
1300,285,11.0.0.198,11.0.0.216
1300,285,11.0.0.198,11.0.0.151
1300,287,11.0.0.198,11.0.0.319
1300,287,11.0.0.198,11.0.0.319
1300,288,11.0.0.198,11.0.0.151
1300,288,11.0.0.198,11.0.0.179
1300,288,11.0.0.198,11.0.0.151
1300,288,11.0.0.198,11.0.0.179
1300,289,11.0.0.198,11.0.0.347
1300,289,11.0.0.198,11.0.0.347
1300,290,11.0.0.198,11.0.0.179
1300,290,11.0.0.198,11.0.0.179
1300,290,11.0.0.198,11.0.0.256
1300,290,11.0.0.198,11.0.0.179
1300,291,11.0.0.198,11.0.0.33
1300,291,11.0.0.198,11.0.0.33
1300,292,11.0.0.198,11.0.0.209
1300,292,11.0.0.198,11.0.0.112
1300,292,11.0.0.198,11.0.0.112
1300,293,11.0.0.198,11.0.0.311
1300,293,11.0.0.198,11.0.0.311
1300,293,11.0.0.198,11.0.0.311
1300,294,11.0.0.198,11.0.0.33
1300,294,11.0.0.198,11.0.0.328
1300,294,11.0.0.198,11.0.0.33
1300,296,11.0.0.198,11.0.0.256
1300,296,11.0.0.198,11.0.0.256
1300,296,11.0.0.198,11.0.0.256
1300,298,11.0.0.198,11.0.0.273
1300,298,11.0.0.198,11.0.0.58
1300,298,11.0.0.198,11.0.0.273
1300,298,11.0.0.198,11.0.0.58
1300,299,11.0.0.198,11.0.0.287
1300,299,11.0.0.198,11.0.0.287
1300,299,11.0.0.198,11.0.0.310
1300,299,11.0.0.198,11.0.0.287
1300,299,11.0.0.198,11.0.0.310
1300,301,11.0.0.198,11.0.0.179
1300,301,11.0.0.198,11.0.0.150
1300,301,11.0.0.198,11.0.0.179
1300,302,11.0.0.198,11.0.0.150
1300,302,11.0.0.198,11.0.0.347
1300,302,11.0.0.198,11.0.0.150
1300,302,11.0.0.198,11.0.0.347
1300,302,11.0.0.198,11.0.0.150
1300,302,11.0.0.198,11.0.0.347
1300,303,11.0.0.198,11.0.0.172
1300,304,11.0.0.198,11.0.0.5
1300,304,11.0.0.198,11.0.0.296
1300,304,11.0.0.198,11.0.0.296
1300,304,11.0.0.198,11.0.0.5
1300,304,11.0.0.198,11.0.0.5
1300,304,11.0.0.198,11.0.0.296
1300,306,11.0.0.198,11.0.0.310
1300,306,11.0.0.198,11.0.0.20
1300,306,11.0.0.198,11.0.0.20
1300,306,11.0.0.198,11.0.0.310
1300,306,11.0.0.198,11.0.0.310
1300,306,11.0.0.198,11.0.0.20
1300,307,11.0.0.198,11.0.0.224
1300,307,11.0.0.198,11.0.0.224
1300,307,11.0.0.198,11.0.0.224
1300,308,11.0.0.198,11.0.0.311
1300,308,11.0.0.198,11.0.0.273
1300,308,11.0.0.198,11.0.0.273
1300,308,11.0.0.198,11.0.0.311
1300,309,11.0.0.198,11.0.0.285
1300,309,11.0.0.198,11.0.0.285
1300,310,11.0.0.198,11.0.0.273
1300,310,11.0.0.198,11.0.0.273
1300,310,11.0.0.198,11.0.0.138
1300,311,11.0.0.198,11.0.0.179
1300,311,11.0.0.198,11.0.0.179
1300,311,11.0.0.198,11.0.0.293
1300,313,11.0.0.198,11.0.0.310
1300,313,11.0.0.198,11.0.0.310
1300,314,11.0.0.198,11.0.0.86
1300,314,11.0.0.198,11.0.0.86
1300,314,11.0.0.198,11.0.0.18
1300,314,11.0.0.198,11.0.0.18
1300,315,11.0.0.198,11.0.0.2
1300,315,11.0.0.198,11.0.0.137
1300,315,11.0.0.198,11.0.0.2
1300,316,11.0.0.198,11.0.0.172
1300,316,11.0.0.198,11.0.0.172
1300,317,11.0.0.198,11.0.0.341
1300,318,11.0.0.198,11.0.0.275
1300,318,11.0.0.198,11.0.0.275
1300,320,11.0.0.198,11.0.0.33
1300,320,11.0.0.198,11.0.0.33
1300,320,11.0.0.198,11.0.0.33
1300,320,11.0.0.198,11.0.0.216
1300,320,11.0.0.198,11.0.0.216
1300,321,11.0.0.198,11.0.0.68
1300,321,11.0.0.198,11.0.0.68
1300,321,11.0.0.198,11.0.0.273
1300,321,11.0.0.198,11.0.0.273
1300,321,11.0.0.198,11.0.0.68
1300,322,11.0.0.198,11.0.0.20
1300,322,11.0.0.198,11.0.0.310
1300,322,11.0.0.198,11.0.0.310
1300,322,11.0.0.198,11.0.0.20
1300,323,11.0.0.198,11.0.0.311
1300,323,11.0.0.198,11.0.0.311
1300,323,11.0.0.198,11.0.0.311
1300,323,11.0.0.198,11.0.0.190
1300,323,11.0.0.198,11.0.0.190
1300,324,11.0.0.198,11.0.0.58
1300,325,11.0.0.198,11.0.0.216
1300,325,11.0.0.198,11.0.0.216
1300,325,11.0.0.198,11.0.0.216
1300,325,11.0.0.198,11.0.0.138
1300,325,11.0.0.198,11.0.0.138
1300,326,11.0.0.198,11.0.0.156
1300,326,11.0.0.198,11.0.0.156
1300,327,11.0.0.198,11.0.0.293
1300,327,11.0.0.198,11.0.0.293
1300,327,11.0.0.198,11.0.0.311
1300,327,11.0.0.198,11.0.0.311
1300,329,11.0.0.198,11.0.0.319
1300,329,11.0.0.198,11.0.0.319
1300,331,11.0.0.198,11.0.0.156
1300,331,11.0.0.198,11.0.0.156
1300,332,11.0.0.198,11.0.0.310
1300,332,11.0.0.198,11.0.0.22
1300,333,11.0.0.198,11.0.0.341
1300,333,11.0.0.198,11.0.0.341
1300,333,11.0.0.198,11.0.0.209
1300,334,11.0.0.198,11.0.0.5
1300,334,11.0.0.198,11.0.0.30
1300,334,11.0.0.198,11.0.0.30
1300,334,11.0.0.198,11.0.0.5
1300,334,11.0.0.198,11.0.0.30
1300,335,11.0.0.198,11.0.0.20
1300,335,11.0.0.198,11.0.0.263
1300,335,11.0.0.198,11.0.0.263
1300,336,11.0.0.198,11.0.0.263
1300,336,11.0.0.198,11.0.0.285
1300,336,11.0.0.198,11.0.0.285
1300,336,11.0.0.198,11.0.0.285
1300,336,11.0.0.198,11.0.0.263
1300,337,11.0.0.198,11.0.0.209
1300,337,11.0.0.198,11.0.0.209
1300,339,11.0.0.198,11.0.0.209
1300,339,11.0.0.198,11.0.0.209
1300,339,11.0.0.198,11.0.0.209
1300,340,11.0.0.198,11.0.0.18
1300,340,11.0.0.198,11.0.0.18
1300,340,11.0.0.198,11.0.0.18
1300,340,11.0.0.198,11.0.0.275
1300,341,11.0.0.198,11.0.0.2
1300,341,11.0.0.198,11.0.0.2
1300,342,11.0.0.198,11.0.0.138
1300,342,11.0.0.198,11.0.0.138
1300,343,11.0.0.198,11.0.0.308
1300,343,11.0.0.198,11.0.0.138
1300,343,11.0.0.198,11.0.0.138
1300,343,11.0.0.198,11.0.0.308
1300,343,11.0.0.198,11.0.0.308
1300,344,11.0.0.198,11.0.0.151
1300,344,11.0.0.198,11.0.0.151
1300,344,11.0.0.198,11.0.0.5
1300,344,11.0.0.198,11.0.0.5
1300,345,11.0.0.198,11.0.0.305
1300,345,11.0.0.198,11.0.0.305
1300,345,11.0.0.198,11.0.0.305
1300,346,11.0.0.198,11.0.0.33
1300,346,11.0.0.198,11.0.0.33
1300,348,11.0.0.198,11.0.0.216
1300,348,11.0.0.198,11.0.0.216
1300,348,11.0.0.198,11.0.0.287
1300,348,11.0.0.198,11.0.0.287
1300,348,11.0.0.198,11.0.0.287
1300,351,11.0.0.198,11.0.0.60
1300,351,11.0.0.198,11.0.0.224
1300,351,11.0.0.198,11.0.0.224
1300,351,11.0.0.198,11.0.0.60
1300,352,11.0.0.198,11.0.0.319
1300,352,11.0.0.198,11.0.0.319
1300,352,11.0.0.198,11.0.0.319
1300,355,11.0.0.198,11.0.0.150
1300,355,11.0.0.198,11.0.0.341
1300,355,11.0.0.198,11.0.0.341
1300,355,11.0.0.198,11.0.0.150
1300,356,11.0.0.198,11.0.0.305
1300,356,11.0.0.198,11.0.0.72
1300,356,11.0.0.198,11.0.0.72
1300,356,11.0.0.198,11.0.0.305
1300,359,11.0.0.198,11.0.0.256
1300,359,11.0.0.198,11.0.0.256
1300,359,11.0.0.198,11.0.0.154
1300,360,11.0.0.198,11.0.0.308
1300,360,11.0.0.198,11.0.0.18
1300,360,11.0.0.198,11.0.0.308
1300,360,11.0.0.198,11.0.0.308
1300,360,11.0.0.198,11.0.0.18
1300,360,11.0.0.198,11.0.0.18
1300,363,11.0.0.198,11.0.0.285
1300,363,11.0.0.198,11.0.0.285
1300,365,11.0.0.198,11.0.0.249
1300,365,11.0.0.198,11.0.0.6
1300,365,11.0.0.198,11.0.0.6
1300,365,11.0.0.198,11.0.0.249
1300,365,11.0.0.198,11.0.0.249
1300,366,11.0.0.198,11.0.0.156
1300,366,11.0.0.198,11.0.0.151
1300,367,11.0.0.198,11.0.0.311
1300,367,11.0.0.198,11.0.0.249
1300,367,11.0.0.198,11.0.0.249
1300,367,11.0.0.198,11.0.0.249
1300,368,11.0.0.198,11.0.0.33
1300,368,11.0.0.198,11.0.0.33
1300,368,11.0.0.198,11.0.0.33
1300,369,11.0.0.198,11.0.0.72
1300,369,11.0.0.198,11.0.0.72
1300,372,11.0.0.198,11.0.0.296
1300,372,11.0.0.198,11.0.0.296
1300,375,11.0.0.198,11.0.0.341
1300,375,11.0.0.198,11.0.0.22
1300,375,11.0.0.198,11.0.0.341
1300,377,11.0.0.198,11.0.0.18
1300,378,11.0.0.198,11.0.0.22
1300,378,11.0.0.198,11.0.0.311
1300,378,11.0.0.198,11.0.0.22
1300,378,11.0.0.198,11.0.0.22
1300,379,11.0.0.198,11.0.0.224
1300,379,11.0.0.198,11.0.0.224
1300,380,11.0.0.198,11.0.0.273
1300,380,11.0.0.198,11.0.0.273
1300,381,11.0.0.198,11.0.0.86
1300,381,11.0.0.198,11.0.0.86
1300,381,11.0.0.198,11.0.0.86
1300,381,11.0.0.198,11.0.0.179
1300,381,11.0.0.198,11.0.0.179
1300,382,11.0.0.198,11.0.0.275
1300,382,11.0.0.198,11.0.0.275
1300,383,11.0.0.198,11.0.0.172
1300,383,11.0.0.198,11.0.0.172
1300,385,11.0.0.198,11.0.0.58
1300,385,11.0.0.198,11.0.0.285
1300,385,11.0.0.198,11.0.0.285
1300,387,11.0.0.198,11.0.0.275
1300,387,11.0.0.198,11.0.0.275
1300,388,11.0.0.198,11.0.0.137
1300,388,11.0.0.198,11.0.0.137
1300,389,11.0.0.198,11.0.0.58
1300,389,11.0.0.198,11.0.0.311
1300,389,11.0.0.198,11.0.0.58
1300,389,11.0.0.198,11.0.0.311
1300,389,11.0.0.198,11.0.0.311
1300,391,11.0.0.198,11.0.0.285
1300,391,11.0.0.198,11.0.0.296
1300,391,11.0.0.198,11.0.0.296
1300,392,11.0.0.198,11.0.0.256
1300,392,11.0.0.198,11.0.0.273
1300,392,11.0.0.198,11.0.0.256
1300,392,11.0.0.198,11.0.0.256
1300,392,11.0.0.198,11.0.0.273
1300,393,11.0.0.198,11.0.0.293
1300,393,11.0.0.198,11.0.0.293
1300,393,11.0.0.198,11.0.0.293
1300,394,11.0.0.198,11.0.0.58
1300,394,11.0.0.198,11.0.0.58
1300,398,11.0.0.198,11.0.0.179
1300,398,11.0.0.198,11.0.0.5
1300,398,11.0.0.198,11.0.0.5
1300,398,11.0.0.198,11.0.0.179
1300,398,11.0.0.198,11.0.0.5
1300,399,11.0.0.198,11.0.0.319
1300,399,11.0.0.198,11.0.0.319
1300,400,11.0.0.198,11.0.0.86
1300,400,11.0.0.198,11.0.0.86
1300,400,11.0.0.198,11.0.0.68
1300,400,11.0.0.198,11.0.0.86
1300,400,11.0.0.198,11.0.0.68
1300,404,11.0.0.198,11.0.0.256
1300,404,11.0.0.198,11.0.0.256
1300,405,11.0.0.198,11.0.0.190
1300,406,11.0.0.198,11.0.0.172
1300,406,11.0.0.198,11.0.0.172
1300,406,11.0.0.198,11.0.0.172
1300,408,11.0.0.198,11.0.0.190
1300,408,11.0.0.198,11.0.0.190
1300,408,11.0.0.198,11.0.0.190
1300,410,11.0.0.198,11.0.0.190
1300,413,11.0.0.198,11.0.0.33
1300,415,11.0.0.198,11.0.0.151
1300,415,11.0.0.198,11.0.0.151
1300,415,11.0.0.198,11.0.0.72
1300,415,11.0.0.198,11.0.0.72
1300,415,11.0.0.198,11.0.0.151
1300,415,11.0.0.198,11.0.0.72
1300,416,11.0.0.198,11.0.0.273
1300,416,11.0.0.198,11.0.0.273
1300,417,11.0.0.198,11.0.0.156
1300,417,11.0.0.198,11.0.0.156
1300,417,11.0.0.198,11.0.0.156
1300,417,11.0.0.198,11.0.0.68
1300,417,11.0.0.198,11.0.0.68
1300,419,11.0.0.198,11.0.0.287
1300,419,11.0.0.198,11.0.0.287
1300,419,11.0.0.198,11.0.0.293
1300,419,11.0.0.198,11.0.0.293
1300,420,11.0.0.198,11.0.0.112
1300,420,11.0.0.198,11.0.0.305
1300,420,11.0.0.198,11.0.0.305
1300,420,11.0.0.198,11.0.0.112
1300,422,11.0.0.198,11.0.0.68
1300,424,11.0.0.198,11.0.0.68
1300,424,11.0.0.198,11.0.0.68
1300,424,11.0.0.198,11.0.0.30
1300,426,11.0.0.198,11.0.0.112
1300,426,11.0.0.198,11.0.0.112
1300,426,11.0.0.198,11.0.0.112
1300,427,11.0.0.198,11.0.0.86
1300,427,11.0.0.198,11.0.0.347
1300,427,11.0.0.198,11.0.0.86
1300,427,11.0.0.198,11.0.0.347
1300,428,11.0.0.198,11.0.0.216
1300,428,11.0.0.198,11.0.0.216
1300,429,11.0.0.198,11.0.0.347
1300,429,11.0.0.198,11.0.0.347
1300,429,11.0.0.198,11.0.0.138
1300,429,11.0.0.198,11.0.0.347
1300,432,11.0.0.198,11.0.0.347
1300,432,11.0.0.198,11.0.0.150
1300,432,11.0.0.198,11.0.0.347
1300,432,11.0.0.198,11.0.0.150
1300,433,11.0.0.198,11.0.0.256
1300,433,11.0.0.198,11.0.0.72
1300,433,11.0.0.198,11.0.0.72
1300,433,11.0.0.198,11.0.0.256
1300,433,11.0.0.198,11.0.0.256
1300,434,11.0.0.198,11.0.0.2
1300,434,11.0.0.198,11.0.0.347
1300,434,11.0.0.198,11.0.0.347
1300,434,11.0.0.198,11.0.0.347
1300,434,11.0.0.198,11.0.0.2
1300,436,11.0.0.198,11.0.0.150
1300,436,11.0.0.198,11.0.0.150
1300,436,11.0.0.198,11.0.0.150
1300,436,11.0.0.198,11.0.0.341
1300,438,11.0.0.198,11.0.0.341
1300,438,11.0.0.198,11.0.0.263
1300,438,11.0.0.198,11.0.0.263
1300,438,11.0.0.198,11.0.0.341
1300,438,11.0.0.198,11.0.0.341
1300,439,11.0.0.198,11.0.0.263
1300,439,11.0.0.198,11.0.0.287
1300,439,11.0.0.198,11.0.0.287
1300,439,11.0.0.198,11.0.0.287
1300,439,11.0.0.198,11.0.0.263
1300,441,11.0.0.198,11.0.0.275
1300,441,11.0.0.198,11.0.0.275
1300,441,11.0.0.198,11.0.0.6
1300,441,11.0.0.198,11.0.0.6
1300,442,11.0.0.198,11.0.0.341
1300,442,11.0.0.198,11.0.0.341
1300,442,11.0.0.198,11.0.0.341
1300,442,11.0.0.198,11.0.0.190
1300,442,11.0.0.198,11.0.0.190
1300,442,11.0.0.198,11.0.0.190
1300,443,11.0.0.198,11.0.0.273
1300,443,11.0.0.198,11.0.0.273
1300,443,11.0.0.198,11.0.0.287
1300,443,11.0.0.198,11.0.0.273
1300,443,11.0.0.198,11.0.0.287
1300,444,11.0.0.198,11.0.0.22
1300,444,11.0.0.198,11.0.0.22
1300,444,11.0.0.198,11.0.0.22
1300,445,11.0.0.198,11.0.0.209
1300,445,11.0.0.198,11.0.0.209
1300,445,11.0.0.198,11.0.0.293
1300,446,11.0.0.198,11.0.0.151
1300,446,11.0.0.198,11.0.0.151
1300,446,11.0.0.198,11.0.0.151
1300,448,11.0.0.198,11.0.0.341
1300,448,11.0.0.198,11.0.0.112
1300,448,11.0.0.198,11.0.0.112
1300,448,11.0.0.198,11.0.0.341
1300,451,11.0.0.198,11.0.0.328
1300,451,11.0.0.198,11.0.0.137
1300,451,11.0.0.198,11.0.0.328
1300,453,11.0.0.198,11.0.0.58
1300,453,11.0.0.198,11.0.0.249
1300,455,11.0.0.198,11.0.0.86
1300,455,11.0.0.198,11.0.0.287
1300,455,11.0.0.198,11.0.0.287
1300,455,11.0.0.198,11.0.0.86
1300,458,11.0.0.198,11.0.0.58
1300,458,11.0.0.198,11.0.0.58
1300,458,11.0.0.198,11.0.0.58
1300,459,11.0.0.198,11.0.0.18
1300,459,11.0.0.198,11.0.0.287
1300,459,11.0.0.198,11.0.0.287
1300,459,11.0.0.198,11.0.0.18
1300,459,11.0.0.198,11.0.0.18
1300,460,11.0.0.198,11.0.0.216
1300,460,11.0.0.198,11.0.0.216
1300,460,11.0.0.198,11.0.0.216
1300,461,11.0.0.198,11.0.0.150
1300,461,11.0.0.198,11.0.0.150
1300,461,11.0.0.198,11.0.0.30
1300,461,11.0.0.198,11.0.0.30
1300,461,11.0.0.198,11.0.0.30
1300,463,11.0.0.198,11.0.0.347
1300,463,11.0.0.198,11.0.0.172
1300,463,11.0.0.198,11.0.0.347
1300,463,11.0.0.198,11.0.0.172
1300,463,11.0.0.198,11.0.0.347
1300,464,11.0.0.198,11.0.0.6
1300,464,11.0.0.198,11.0.0.6
1300,465,11.0.0.198,11.0.0.287
1300,465,11.0.0.198,11.0.0.68
1300,465,11.0.0.198,11.0.0.68
1300,465,11.0.0.198,11.0.0.287
1300,466,11.0.0.198,11.0.0.30
1300,466,11.0.0.198,11.0.0.30
1300,467,11.0.0.198,11.0.0.310
1300,467,11.0.0.198,11.0.0.216
1300,467,11.0.0.198,11.0.0.310
1300,467,11.0.0.198,11.0.0.216
1300,468,11.0.0.198,11.0.0.72
1300,469,11.0.0.198,11.0.0.209
1300,469,11.0.0.198,11.0.0.209
1300,470,11.0.0.198,11.0.0.273
1300,470,11.0.0.198,11.0.0.273
1300,472,11.0.0.198,11.0.0.347
1300,472,11.0.0.198,11.0.0.347
1300,472,11.0.0.198,11.0.0.347
1300,473,11.0.0.198,11.0.0.311
1300,473,11.0.0.198,11.0.0.311
1300,475,11.0.0.198,11.0.0.224
1300,475,11.0.0.198,11.0.0.137
1300,475,11.0.0.198,11.0.0.224
1300,475,11.0.0.198,11.0.0.137
1300,475,11.0.0.198,11.0.0.224
1300,476,11.0.0.198,11.0.0.154
1300,476,11.0.0.198,11.0.0.60
1300,476,11.0.0.198,11.0.0.154
1300,476,11.0.0.198,11.0.0.60
1300,476,11.0.0.198,11.0.0.154
1300,477,11.0.0.198,11.0.0.112
1300,477,11.0.0.198,11.0.0.311
1300,477,11.0.0.198,11.0.0.311
1300,478,11.0.0.198,11.0.0.190
1300,478,11.0.0.198,11.0.0.190
1300,478,11.0.0.198,11.0.0.190
1300,479,11.0.0.198,11.0.0.263
1300,479,11.0.0.198,11.0.0.263
1300,479,11.0.0.198,11.0.0.263
1300,480,11.0.0.198,11.0.0.275
1300,480,11.0.0.198,11.0.0.275
1300,480,11.0.0.198,11.0.0.275
1300,480,11.0.0.198,11.0.0.72
1300,480,11.0.0.198,11.0.0.72
1300,481,11.0.0.198,11.0.0.296
1300,481,11.0.0.198,11.0.0.296
1300,482,11.0.0.198,11.0.0.2
1300,482,11.0.0.198,11.0.0.58
1300,482,11.0.0.198,11.0.0.2
1300,482,11.0.0.198,11.0.0.58
1300,482,11.0.0.198,11.0.0.2
1300,484,11.0.0.198,11.0.0.319
1300,486,11.0.0.198,11.0.0.296
1300,492,11.0.0.198,11.0.0.150
1300,492,11.0.0.198,11.0.0.150
1300,493,11.0.0.198,11.0.0.112
1300,493,11.0.0.198,11.0.0.112
1300,495,11.0.0.198,11.0.0.308
1300,495,11.0.0.198,11.0.0.308
1300,495,11.0.0.198,11.0.0.308
1300,496,11.0.0.198,11.0.0.101
1300,496,11.0.0.198,11.0.0.249
1300,496,11.0.0.198,11.0.0.101
1300,497,11.0.0.198,11.0.0.137
1300,497,11.0.0.198,11.0.0.137
1300,497,11.0.0.198,11.0.0.137
1300,497,11.0.0.198,11.0.0.112
1300,497,11.0.0.198,11.0.0.112
1300,498,11.0.0.198,11.0.0.296
1300,498,11.0.0.198,11.0.0.296
1300,499,11.0.0.198,11.0.0.138
1300,500,11.0.0.198,11.0.0.179
1300,500,11.0.0.198,11.0.0.30
1300,500,11.0.0.198,11.0.0.179
1300,500,11.0.0.198,11.0.0.179
1300,500,11.0.0.198,11.0.0.30
1300,501,11.0.0.198,11.0.0.154
1300,501,11.0.0.198,11.0.0.154
1300,501,11.0.0.198,11.0.0.154
1300,502,11.0.0.198,11.0.0.151
1300,502,11.0.0.198,11.0.0.151
1300,502,11.0.0.198,11.0.0.151
1300,504,11.0.0.198,11.0.0.311
1300,504,11.0.0.198,11.0.0.33
1300,504,11.0.0.198,11.0.0.33
1300,504,11.0.0.198,11.0.0.311
1300,508,11.0.0.198,11.0.0.328
1300,508,11.0.0.198,11.0.0.328
1300,510,11.0.0.198,11.0.0.154
1300,510,11.0.0.198,11.0.0.319
1300,510,11.0.0.198,11.0.0.319
1300,510,11.0.0.198,11.0.0.154
1300,512,11.0.0.198,11.0.0.308
1300,512,11.0.0.198,11.0.0.30
1300,512,11.0.0.198,11.0.0.308
1300,512,11.0.0.198,11.0.0.308
1300,512,11.0.0.198,11.0.0.30
1300,513,11.0.0.198,11.0.0.293
1300,513,11.0.0.198,11.0.0.263
1300,513,11.0.0.198,11.0.0.263
1300,513,11.0.0.198,11.0.0.293
1300,514,11.0.0.198,11.0.0.263
1300,514,11.0.0.198,11.0.0.20
1300,514,11.0.0.198,11.0.0.263
1300,514,11.0.0.198,11.0.0.20
1300,514,11.0.0.198,11.0.0.263
1300,514,11.0.0.198,11.0.0.20
1300,515,11.0.0.198,11.0.0.341
1300,515,11.0.0.198,11.0.0.33
1300,515,11.0.0.198,11.0.0.33
1300,516,11.0.0.198,11.0.0.68
1300,516,11.0.0.198,11.0.0.68
1300,516,11.0.0.198,11.0.0.68
1300,517,11.0.0.198,11.0.0.20
1300,517,11.0.0.198,11.0.0.20
1300,518,11.0.0.198,11.0.0.263
1300,518,11.0.0.198,11.0.0.263
1300,518,11.0.0.198,11.0.0.263
1300,520,11.0.0.198,11.0.0.138
1300,520,11.0.0.198,11.0.0.138
1300,524,11.0.0.198,11.0.0.60
1300,524,11.0.0.198,11.0.0.60
1300,524,11.0.0.198,11.0.0.60
1300,525,11.0.0.198,11.0.0.347
1300,525,11.0.0.198,11.0.0.305
1300,525,11.0.0.198,11.0.0.305
1300,525,11.0.0.198,11.0.0.305
1300,525,11.0.0.198,11.0.0.347
1300,527,11.0.0.198,11.0.0.2
1300,527,11.0.0.198,11.0.0.224
1300,527,11.0.0.198,11.0.0.2
1300,527,11.0.0.198,11.0.0.224
1300,529,11.0.0.198,11.0.0.285
1300,529,11.0.0.198,11.0.0.285
1300,529,11.0.0.198,11.0.0.285
1300,530,11.0.0.198,11.0.0.101
1300,530,11.0.0.198,11.0.0.101
1300,530,11.0.0.198,11.0.0.101
1300,533,11.0.0.198,11.0.0.2
1300,533,11.0.0.198,11.0.0.249
1300,533,11.0.0.198,11.0.0.249
1300,533,11.0.0.198,11.0.0.249
1300,534,11.0.0.198,11.0.0.68
1300,534,11.0.0.198,11.0.0.154
1300,534,11.0.0.198,11.0.0.154
1300,534,11.0.0.198,11.0.0.68
1300,535,11.0.0.198,11.0.0.179
1300,535,11.0.0.198,11.0.0.179
1300,535,11.0.0.198,11.0.0.179
1300,536,11.0.0.198,11.0.0.328
1300,536,11.0.0.198,11.0.0.328
1300,536,11.0.0.198,11.0.0.328
1300,538,11.0.0.198,11.0.0.305
1300,540,11.0.0.198,11.0.0.347
1300,540,11.0.0.198,11.0.0.190
1300,540,11.0.0.198,11.0.0.190
1300,540,11.0.0.198,11.0.0.347
1300,541,11.0.0.198,11.0.0.58
1300,541,11.0.0.198,11.0.0.58
1300,541,11.0.0.198,11.0.0.58
1300,544,11.0.0.198,11.0.0.256
1300,545,11.0.0.198,11.0.0.190
1300,545,11.0.0.198,11.0.0.190
1300,545,11.0.0.198,11.0.0.285
1300,545,11.0.0.198,11.0.0.190
1300,546,11.0.0.198,11.0.0.172
1300,546,11.0.0.198,11.0.0.172
1300,546,11.0.0.198,11.0.0.275
1300,546,11.0.0.198,11.0.0.275
1300,546,11.0.0.198,11.0.0.172
1300,547,11.0.0.198,11.0.0.86
1300,547,11.0.0.198,11.0.0.86
1300,548,11.0.0.198,11.0.0.58
1300,548,11.0.0.198,11.0.0.58
1300,548,11.0.0.198,11.0.0.58
1300,549,11.0.0.198,11.0.0.310
1300,549,11.0.0.198,11.0.0.310
1300,549,11.0.0.198,11.0.0.209
1300,549,11.0.0.198,11.0.0.209
1300,550,11.0.0.198,11.0.0.209
1300,550,11.0.0.198,11.0.0.209
1300,551,11.0.0.198,11.0.0.33
1300,551,11.0.0.198,11.0.0.33
1300,551,11.0.0.198,11.0.0.273
1300,551,11.0.0.198,11.0.0.273
1300,551,11.0.0.198,11.0.0.33
1300,554,11.0.0.198,11.0.0.5
1300,554,11.0.0.198,11.0.0.5
1300,554,11.0.0.198,11.0.0.341
1300,554,11.0.0.198,11.0.0.5
1300,555,11.0.0.198,11.0.0.293
1300,555,11.0.0.198,11.0.0.293
1300,555,11.0.0.198,11.0.0.293
1300,557,11.0.0.198,11.0.0.6
1300,557,11.0.0.198,11.0.0.328
1300,557,11.0.0.198,11.0.0.6
1300,557,11.0.0.198,11.0.0.6
1300,557,11.0.0.198,11.0.0.328
1300,559,11.0.0.198,11.0.0.249
1300,559,11.0.0.198,11.0.0.249
1300,559,11.0.0.198,11.0.0.2
1300,559,11.0.0.198,11.0.0.2
1300,559,11.0.0.198,11.0.0.249
1300,560,11.0.0.198,11.0.0.151
1300,560,11.0.0.198,11.0.0.138
1300,561,11.0.0.198,11.0.0.154
1300,561,11.0.0.198,11.0.0.328
1300,561,11.0.0.198,11.0.0.154
1300,561,11.0.0.198,11.0.0.328
1300,562,11.0.0.198,11.0.0.33
1300,562,11.0.0.198,11.0.0.33
1300,563,11.0.0.198,11.0.0.2
1300,563,11.0.0.198,11.0.0.2
1300,563,11.0.0.198,11.0.0.2
1300,563,11.0.0.198,11.0.0.137
1300,563,11.0.0.198,11.0.0.137
1300,564,11.0.0.198,11.0.0.112
1300,564,11.0.0.198,11.0.0.112
1300,567,11.0.0.198,11.0.0.20
1300,567,11.0.0.198,11.0.0.20
1300,567,11.0.0.198,11.0.0.308
1300,567,11.0.0.198,11.0.0.20
1300,567,11.0.0.198,11.0.0.308
1300,567,11.0.0.198,11.0.0.308
1300,569,11.0.0.198,11.0.0.150
1300,569,11.0.0.198,11.0.0.150
1300,570,11.0.0.198,11.0.0.18
1300,570,11.0.0.198,11.0.0.18
1300,571,11.0.0.198,11.0.0.156
1300,571,11.0.0.198,11.0.0.190
1300,571,11.0.0.198,11.0.0.190
1300,573,11.0.0.198,11.0.0.151
1300,573,11.0.0.198,11.0.0.151
1300,573,11.0.0.198,11.0.0.151
1300,575,11.0.0.198,11.0.0.179
1300,576,11.0.0.198,11.0.0.275
1300,576,11.0.0.198,11.0.0.275
1300,576,11.0.0.198,11.0.0.347
1300,576,11.0.0.198,11.0.0.347
1300,580,11.0.0.198,11.0.0.150
1300,580,11.0.0.198,11.0.0.150
1300,580,11.0.0.198,11.0.0.209
1300,584,11.0.0.198,11.0.0.216
1300,584,11.0.0.198,11.0.0.216
1300,584,11.0.0.198,11.0.0.172
1300,584,11.0.0.198,11.0.0.216
1300,584,11.0.0.198,11.0.0.172
1300,585,11.0.0.198,11.0.0.347
1300,587,11.0.0.198,11.0.0.311
1300,587,11.0.0.198,11.0.0.311
1300,589,11.0.0.198,11.0.0.172
1300,590,11.0.0.198,11.0.0.308
1300,590,11.0.0.198,11.0.0.308
1300,594,11.0.0.198,11.0.0.305
1300,594,11.0.0.198,11.0.0.305
1300,594,11.0.0.198,11.0.0.305
1300,597,11.0.0.198,11.0.0.287
1300,597,11.0.0.198,11.0.0.287
1300,597,11.0.0.198,11.0.0.68
1300,598,11.0.0.198,11.0.0.347
1300,599,11.0.0.198,11.0.0.285
1300,599,11.0.0.198,11.0.0.285
1300,600,11.0.0.198,11.0.0.293
1300,602,11.0.0.198,11.0.0.112
1300,602,11.0.0.198,11.0.0.256
1300,602,11.0.0.198,11.0.0.256
1300,603,11.0.0.198,11.0.0.6
1300,603,11.0.0.198,11.0.0.319
1300,603,11.0.0.198,11.0.0.319
1300,603,11.0.0.198,11.0.0.319
1300,604,11.0.0.198,11.0.0.150
1300,604,11.0.0.198,11.0.0.308
1300,604,11.0.0.198,11.0.0.150
1300,604,11.0.0.198,11.0.0.308
1300,604,11.0.0.198,11.0.0.150
1300,604,11.0.0.198,11.0.0.308
1300,606,11.0.0.198,11.0.0.216
1300,607,11.0.0.198,11.0.0.216
1300,607,11.0.0.198,11.0.0.72
1300,607,11.0.0.198,11.0.0.72
1300,607,11.0.0.198,11.0.0.72
1300,608,11.0.0.198,11.0.0.296
1300,609,11.0.0.198,11.0.0.156
1300,609,11.0.0.198,11.0.0.156
1300,609,11.0.0.198,11.0.0.308
1300,612,11.0.0.198,11.0.0.224
1300,612,11.0.0.198,11.0.0.224
1300,612,11.0.0.198,11.0.0.156
1300,612,11.0.0.198,11.0.0.156
1300,613,11.0.0.198,11.0.0.275
1300,613,11.0.0.198,11.0.0.275
1300,613,11.0.0.198,11.0.0.275
1300,615,11.0.0.198,11.0.0.151
1300,615,11.0.0.198,11.0.0.151
1300,618,11.0.0.198,11.0.0.5
1300,618,11.0.0.198,11.0.0.5
1300,618,11.0.0.198,11.0.0.5
1300,621,11.0.0.198,11.0.0.224
1300,622,11.0.0.198,11.0.0.172
1300,622,11.0.0.198,11.0.0.172
1300,622,11.0.0.198,11.0.0.172
1300,622,11.0.0.198,11.0.0.256
1300,622,11.0.0.198,11.0.0.256
1300,623,11.0.0.198,11.0.0.273
1300,625,11.0.0.198,11.0.0.216
1300,625,11.0.0.198,11.0.0.86
1300,625,11.0.0.198,11.0.0.216
1300,625,11.0.0.198,11.0.0.86
1300,626,11.0.0.198,11.0.0.179
1300,626,11.0.0.198,11.0.0.249
1300,626,11.0.0.198,11.0.0.249
1300,626,11.0.0.198,11.0.0.179
1300,627,11.0.0.198,11.0.0.224
1300,627,11.0.0.198,11.0.0.328
1300,627,11.0.0.198,11.0.0.328
1300,627,11.0.0.198,11.0.0.224
1300,627,11.0.0.198,11.0.0.328
1300,628,11.0.0.198,11.0.0.308
1300,628,11.0.0.198,11.0.0.308
1300,628,11.0.0.198,11.0.0.308
1300,630,11.0.0.198,11.0.0.2
1300,630,11.0.0.198,11.0.0.2
1300,631,11.0.0.198,11.0.0.86
1300,633,11.0.0.198,11.0.0.256
1300,634,11.0.0.198,11.0.0.216
1300,634,11.0.0.198,11.0.0.216
1300,634,11.0.0.198,11.0.0.347
1300,635,11.0.0.198,11.0.0.86
1300,635,11.0.0.198,11.0.0.86
1300,635,11.0.0.198,11.0.0.6
1300,635,11.0.0.198,11.0.0.6
1300,636,11.0.0.198,11.0.0.216
1300,636,11.0.0.198,11.0.0.216
1300,637,11.0.0.198,11.0.0.296
1300,637,11.0.0.198,11.0.0.296
1300,637,11.0.0.198,11.0.0.273
1300,637,11.0.0.198,11.0.0.296
1300,637,11.0.0.198,11.0.0.273
1300,637,11.0.0.198,11.0.0.273
1300,638,11.0.0.198,11.0.0.341
1300,638,11.0.0.198,11.0.0.341
1300,638,11.0.0.198,11.0.0.308
1300,638,11.0.0.198,11.0.0.308
1300,639,11.0.0.198,11.0.0.154
1300,639,11.0.0.198,11.0.0.154
1300,639,11.0.0.198,11.0.0.154
1300,640,11.0.0.198,11.0.0.86
1300,640,11.0.0.198,11.0.0.86
1300,640,11.0.0.198,11.0.0.86
1300,641,11.0.0.198,11.0.0.172
1300,641,11.0.0.198,11.0.0.287
1300,641,11.0.0.198,11.0.0.172
1300,641,11.0.0.198,11.0.0.287
1300,641,11.0.0.198,11.0.0.287
1300,642,11.0.0.198,11.0.0.154
1300,642,11.0.0.198,11.0.0.154
1300,642,11.0.0.198,11.0.0.154
1300,647,11.0.0.198,11.0.0.156
1300,647,11.0.0.198,11.0.0.101
1300,647,11.0.0.198,11.0.0.101
1300,647,11.0.0.198,11.0.0.156
1300,648,11.0.0.198,11.0.0.137
1300,648,11.0.0.198,11.0.0.137
1300,651,11.0.0.198,11.0.0.296
1300,651,11.0.0.198,11.0.0.296
1300,652,11.0.0.198,11.0.0.328
1300,652,11.0.0.198,11.0.0.287
1300,652,11.0.0.198,11.0.0.328
1300,652,11.0.0.198,11.0.0.287
1300,652,11.0.0.198,11.0.0.328
1300,653,11.0.0.198,11.0.0.30
1300,653,11.0.0.198,11.0.0.68
1300,653,11.0.0.198,11.0.0.30
1300,653,11.0.0.198,11.0.0.68
1300,654,11.0.0.198,11.0.0.190
1300,656,11.0.0.198,11.0.0.293
1300,656,11.0.0.198,11.0.0.293
1300,657,11.0.0.198,11.0.0.347
1300,657,11.0.0.198,11.0.0.224
1300,657,11.0.0.198,11.0.0.347
1300,657,11.0.0.198,11.0.0.347
1300,660,11.0.0.198,11.0.0.68
1300,660,11.0.0.198,11.0.0.179
1300,661,11.0.0.198,11.0.0.347
1300,661,11.0.0.198,11.0.0.256
1300,662,11.0.0.198,11.0.0.33
1300,662,11.0.0.198,11.0.0.33
1300,662,11.0.0.198,11.0.0.33
1300,663,11.0.0.198,11.0.0.216
1300,663,11.0.0.198,11.0.0.190
1300,663,11.0.0.198,11.0.0.216
1300,663,11.0.0.198,11.0.0.190
1300,664,11.0.0.198,11.0.0.22
1300,664,11.0.0.198,11.0.0.22
1300,664,11.0.0.198,11.0.0.319
1300,664,11.0.0.198,11.0.0.22
1300,664,11.0.0.198,11.0.0.319
1300,665,11.0.0.198,11.0.0.310
1300,665,11.0.0.198,11.0.0.310
1300,667,11.0.0.198,11.0.0.341
1300,668,11.0.0.198,11.0.0.310
1300,668,11.0.0.198,11.0.0.310
1300,668,11.0.0.198,11.0.0.310
1300,677,11.0.0.198,11.0.0.6
1300,677,11.0.0.198,11.0.0.6
1300,677,11.0.0.198,11.0.0.6
1300,678,11.0.0.198,11.0.0.151
1300,678,11.0.0.198,11.0.0.151
1300,678,11.0.0.198,11.0.0.293
1300,679,11.0.0.198,11.0.0.263
1300,681,11.0.0.198,11.0.0.5
1300,681,11.0.0.198,11.0.0.5
1300,683,11.0.0.198,11.0.0.179
1300,683,11.0.0.198,11.0.0.179
1300,684,11.0.0.198,11.0.0.6
1300,684,11.0.0.198,11.0.0.6
1300,685,11.0.0.198,11.0.0.347
1300,686,11.0.0.198,11.0.0.72
1300,686,11.0.0.198,11.0.0.256
1300,686,11.0.0.198,11.0.0.256
1300,686,11.0.0.198,11.0.0.72
1300,687,11.0.0.198,11.0.0.224
1300,688,11.0.0.198,11.0.0.285
1300,688,11.0.0.198,11.0.0.285
1300,688,11.0.0.198,11.0.0.285
1300,690,11.0.0.198,11.0.0.68
1300,690,11.0.0.198,11.0.0.216
1300,690,11.0.0.198,11.0.0.216
1300,690,11.0.0.198,11.0.0.68
1300,691,11.0.0.198,11.0.0.273
1300,691,11.0.0.198,11.0.0.151
1300,694,11.0.0.198,11.0.0.293
1300,694,11.0.0.198,11.0.0.151
1300,694,11.0.0.198,11.0.0.293
1300,694,11.0.0.198,11.0.0.151
1300,694,11.0.0.198,11.0.0.151
1300,694,11.0.0.198,11.0.0.293
1300,697,11.0.0.198,11.0.0.60
1300,697,11.0.0.198,11.0.0.60
1300,697,11.0.0.198,11.0.0.341
1300,697,11.0.0.198,11.0.0.341
1300,697,11.0.0.198,11.0.0.60
1300,699,11.0.0.198,11.0.0.20
1300,699,11.0.0.198,11.0.0.20
1300,699,11.0.0.198,11.0.0.275
1300,699,11.0.0.198,11.0.0.275
1300,699,11.0.0.198,11.0.0.275
1300,699,11.0.0.198,11.0.0.20
1300,701,11.0.0.198,11.0.0.101
1300,701,11.0.0.198,11.0.0.101
1300,701,11.0.0.198,11.0.0.5
1300,702,11.0.0.198,11.0.0.5
1300,702,11.0.0.198,11.0.0.5
1300,702,11.0.0.198,11.0.0.296
1300,703,11.0.0.198,11.0.0.328
1300,703,11.0.0.198,11.0.0.328
1300,703,11.0.0.198,11.0.0.150
1300,703,11.0.0.198,11.0.0.328
1300,704,11.0.0.198,11.0.0.179
1300,704,11.0.0.198,11.0.0.179
1300,704,11.0.0.198,11.0.0.179
1300,705,11.0.0.198,11.0.0.328
1300,705,11.0.0.198,11.0.0.224
1300,705,11.0.0.198,11.0.0.328
1300,705,11.0.0.198,11.0.0.328
1300,705,11.0.0.198,11.0.0.224
1300,705,11.0.0.198,11.0.0.224
1300,706,11.0.0.198,11.0.0.263
1300,706,11.0.0.198,11.0.0.263
1300,706,11.0.0.198,11.0.0.263
1300,707,11.0.0.198,11.0.0.72
1300,707,11.0.0.198,11.0.0.328
1300,707,11.0.0.198,11.0.0.328
1300,707,11.0.0.198,11.0.0.328
1300,708,11.0.0.198,11.0.0.33
1300,708,11.0.0.198,11.0.0.33
1300,708,11.0.0.198,11.0.0.33
1300,709,11.0.0.198,11.0.0.209
1300,709,11.0.0.198,11.0.0.209
1300,709,11.0.0.198,11.0.0.209
1300,710,11.0.0.198,11.0.0.285
1300,710,11.0.0.198,11.0.0.285
1300,710,11.0.0.198,11.0.0.285
1300,711,11.0.0.198,11.0.0.30
1300,711,11.0.0.198,11.0.0.30
1300,711,11.0.0.198,11.0.0.58
1300,711,11.0.0.198,11.0.0.30
1300,711,11.0.0.198,11.0.0.58
1300,713,11.0.0.198,11.0.0.249
1300,713,11.0.0.198,11.0.0.249
1300,713,11.0.0.198,11.0.0.249
1300,715,11.0.0.198,11.0.0.2
1300,715,11.0.0.198,11.0.0.2
1300,716,11.0.0.198,11.0.0.285
1300,718,11.0.0.198,11.0.0.256
1300,718,11.0.0.198,11.0.0.285
1300,718,11.0.0.198,11.0.0.256
1300,718,11.0.0.198,11.0.0.285
1300,718,11.0.0.198,11.0.0.256
1300,719,11.0.0.198,11.0.0.137
1300,719,11.0.0.198,11.0.0.2
1300,719,11.0.0.198,11.0.0.2
1300,719,11.0.0.198,11.0.0.2
1300,720,11.0.0.198,11.0.0.311
1300,720,11.0.0.198,11.0.0.60
1300,720,11.0.0.198,11.0.0.311
1300,721,11.0.0.198,11.0.0.138
1300,721,11.0.0.198,11.0.0.138
1300,721,11.0.0.198,11.0.0.20
1300,722,11.0.0.198,11.0.0.209
1300,722,11.0.0.198,11.0.0.209
1300,722,11.0.0.198,11.0.0.256
1300,723,11.0.0.198,11.0.0.293
1300,723,11.0.0.198,11.0.0.293
1300,725,11.0.0.198,11.0.0.347
1300,726,11.0.0.198,11.0.0.209
1300,726,11.0.0.198,11.0.0.249
1300,726,11.0.0.198,11.0.0.249
1300,726,11.0.0.198,11.0.0.209
1300,726,11.0.0.198,11.0.0.209
1300,726,11.0.0.198,11.0.0.249
1300,727,11.0.0.198,11.0.0.287
1300,727,11.0.0.198,11.0.0.287
1300,727,11.0.0.198,11.0.0.86
1300,728,11.0.0.198,11.0.0.137
1300,728,11.0.0.198,11.0.0.137
1300,730,11.0.0.198,11.0.0.72
1300,730,11.0.0.198,11.0.0.72
1300,730,11.0.0.198,11.0.0.72
1300,731,11.0.0.198,11.0.0.224
1300,731,11.0.0.198,11.0.0.224
1300,731,11.0.0.198,11.0.0.224
1300,732,11.0.0.198,11.0.0.18
1300,732,11.0.0.198,11.0.0.347
1300,732,11.0.0.198,11.0.0.18
1300,732,11.0.0.198,11.0.0.347
1300,734,11.0.0.198,11.0.0.275
1300,734,11.0.0.198,11.0.0.275
1300,734,11.0.0.198,11.0.0.275
1300,734,11.0.0.198,11.0.0.72
1300,734,11.0.0.198,11.0.0.72
1300,735,11.0.0.198,11.0.0.18
1300,735,11.0.0.198,11.0.0.18
1300,735,11.0.0.198,11.0.0.18
1300,736,11.0.0.198,11.0.0.347
1300,736,11.0.0.198,11.0.0.138
1300,736,11.0.0.198,11.0.0.347
1300,736,11.0.0.198,11.0.0.138
1300,738,11.0.0.198,11.0.0.216
1300,738,11.0.0.198,11.0.0.216
1300,738,11.0.0.198,11.0.0.216
1300,740,11.0.0.198,11.0.0.328
1300,740,11.0.0.198,11.0.0.328
1300,740,11.0.0.198,11.0.0.296
1300,740,11.0.0.198,11.0.0.296
1300,740,11.0.0.198,11.0.0.328
1300,741,11.0.0.198,11.0.0.30
1300,743,11.0.0.198,11.0.0.101
1300,743,11.0.0.198,11.0.0.101
1300,743,11.0.0.198,11.0.0.224
1300,745,11.0.0.198,11.0.0.293
1300,745,11.0.0.198,11.0.0.293
1300,747,11.0.0.198,11.0.0.256
1300,747,11.0.0.198,11.0.0.249
1300,747,11.0.0.198,11.0.0.256
1300,747,11.0.0.198,11.0.0.249
1300,749,11.0.0.198,11.0.0.308
1300,749,11.0.0.198,11.0.0.287
1300,749,11.0.0.198,11.0.0.287
1300,749,11.0.0.198,11.0.0.308
1300,749,11.0.0.198,11.0.0.308
1300,750,11.0.0.198,11.0.0.287
1300,750,11.0.0.198,11.0.0.287
1300,750,11.0.0.198,11.0.0.287
1300,752,11.0.0.198,11.0.0.58
1300,752,11.0.0.198,11.0.0.138
1300,752,11.0.0.198,11.0.0.58
1300,752,11.0.0.198,11.0.0.138
1300,752,11.0.0.198,11.0.0.138
1300,753,11.0.0.198,11.0.0.18
1300,754,11.0.0.198,11.0.0.2
1300,754,11.0.0.198,11.0.0.310
1300,754,11.0.0.198,11.0.0.310
1300,754,11.0.0.198,11.0.0.310
1300,758,11.0.0.198,11.0.0.209
1300,758,11.0.0.198,11.0.0.209
1300,758,11.0.0.198,11.0.0.179
1300,758,11.0.0.198,11.0.0.209
1300,759,11.0.0.198,11.0.0.308
1300,759,11.0.0.198,11.0.0.308
1300,759,11.0.0.198,11.0.0.308
1300,760,11.0.0.198,11.0.0.20
1300,760,11.0.0.198,11.0.0.20
1300,760,11.0.0.198,11.0.0.20
1300,760,11.0.0.198,11.0.0.319
1300,760,11.0.0.198,11.0.0.319
1300,762,11.0.0.198,11.0.0.310
1300,765,11.0.0.198,11.0.0.209
1300,765,11.0.0.198,11.0.0.72
1300,765,11.0.0.198,11.0.0.209
1300,765,11.0.0.198,11.0.0.72
1300,767,11.0.0.198,11.0.0.263
1300,767,11.0.0.198,11.0.0.20
1300,767,11.0.0.198,11.0.0.263
1300,767,11.0.0.198,11.0.0.20
1300,767,11.0.0.198,11.0.0.263
1300,768,11.0.0.198,11.0.0.319
1300,768,11.0.0.198,11.0.0.319
1300,771,11.0.0.198,11.0.0.72
1300,771,11.0.0.198,11.0.0.72
1300,771,11.0.0.198,11.0.0.72
1300,772,11.0.0.198,11.0.0.287
1300,772,11.0.0.198,11.0.0.319
1300,772,11.0.0.198,11.0.0.287
1300,772,11.0.0.198,11.0.0.319
1300,773,11.0.0.198,11.0.0.150
1300,773,11.0.0.198,11.0.0.150
1300,773,11.0.0.198,11.0.0.150
1300,775,11.0.0.198,11.0.0.172
1300,775,11.0.0.198,11.0.0.68
1300,775,11.0.0.198,11.0.0.68
1300,775,11.0.0.198,11.0.0.68
1300,775,11.0.0.198,11.0.0.172
1300,776,11.0.0.198,11.0.0.151
1300,776,11.0.0.198,11.0.0.151
1300,778,11.0.0.198,11.0.0.179
1300,778,11.0.0.198,11.0.0.179
1300,782,11.0.0.198,11.0.0.293
1300,782,11.0.0.198,11.0.0.112
1300,782,11.0.0.198,11.0.0.112
1300,783,11.0.0.198,11.0.0.6
1300,786,11.0.0.198,11.0.0.137
1300,786,11.0.0.198,11.0.0.22
1300,786,11.0.0.198,11.0.0.22
1300,786,11.0.0.198,11.0.0.137
1300,790,11.0.0.198,11.0.0.296
1300,790,11.0.0.198,11.0.0.296
1300,791,11.0.0.198,11.0.0.296
1300,791,11.0.0.198,11.0.0.319
1300,791,11.0.0.198,11.0.0.319
1300,791,11.0.0.198,11.0.0.319
1300,791,11.0.0.198,11.0.0.296
1300,792,11.0.0.198,11.0.0.112
1300,793,11.0.0.198,11.0.0.273
1300,793,11.0.0.198,11.0.0.216
1300,793,11.0.0.198,11.0.0.216
1300,793,11.0.0.198,11.0.0.216
1300,793,11.0.0.198,11.0.0.273
1300,796,11.0.0.198,11.0.0.273
1300,796,11.0.0.198,11.0.0.273
1300,796,11.0.0.198,11.0.0.287
1300,798,11.0.0.198,11.0.0.86
1300,798,11.0.0.198,11.0.0.341
1300,798,11.0.0.198,11.0.0.341
1300,798,11.0.0.198,11.0.0.341
1300,798,11.0.0.198,11.0.0.86
1300,799,11.0.0.198,11.0.0.308
1300,799,11.0.0.198,11.0.0.68
1300,799,11.0.0.198,11.0.0.308
1300,799,11.0.0.198,11.0.0.68
1300,800,11.0.0.198,11.0.0.137
1300,800,11.0.0.198,11.0.0.137
1300,800,11.0.0.198,11.0.0.137
1300,801,11.0.0.198,11.0.0.256
1300,801,11.0.0.198,11.0.0.311
1300,801,11.0.0.198,11.0.0.311
1300,802,11.0.0.198,11.0.0.293
1300,802,11.0.0.198,11.0.0.293
1300,804,11.0.0.198,11.0.0.154
1300,804,11.0.0.198,11.0.0.154
1300,805,11.0.0.198,11.0.0.138
1300,805,11.0.0.198,11.0.0.138
1300,807,11.0.0.198,11.0.0.72
1300,807,11.0.0.198,11.0.0.72
1300,807,11.0.0.198,11.0.0.86
1300,807,11.0.0.198,11.0.0.86
1300,808,11.0.0.198,11.0.0.287
1300,808,11.0.0.198,11.0.0.287
1300,808,11.0.0.198,11.0.0.275
1300,808,11.0.0.198,11.0.0.275
1300,809,11.0.0.198,11.0.0.18
1300,811,11.0.0.198,11.0.0.347
1300,811,11.0.0.198,11.0.0.216
1300,811,11.0.0.198,11.0.0.216
1300,815,11.0.0.198,11.0.0.101
1300,815,11.0.0.198,11.0.0.101
1300,815,11.0.0.198,11.0.0.138
1300,816,11.0.0.198,11.0.0.18
1300,816,11.0.0.198,11.0.0.154
1300,816,11.0.0.198,11.0.0.18
1300,816,11.0.0.198,11.0.0.154
1300,816,11.0.0.198,11.0.0.18
1300,816,11.0.0.198,11.0.0.154
1300,817,11.0.0.198,11.0.0.224
1300,817,11.0.0.198,11.0.0.224
1300,818,11.0.0.198,11.0.0.156
1300,818,11.0.0.198,11.0.0.293
1300,818,11.0.0.198,11.0.0.293
1300,818,11.0.0.198,11.0.0.156
1300,819,11.0.0.198,11.0.0.86
1300,819,11.0.0.198,11.0.0.86
1300,819,11.0.0.198,11.0.0.86
1300,820,11.0.0.198,11.0.0.216
1300,820,11.0.0.198,11.0.0.22
1300,821,11.0.0.198,11.0.0.275
1300,821,11.0.0.198,11.0.0.275
1300,822,11.0.0.198,11.0.0.285
1300,822,11.0.0.198,11.0.0.68
1300,822,11.0.0.198,11.0.0.285
1300,822,11.0.0.198,11.0.0.68
1300,823,11.0.0.198,11.0.0.308
1300,823,11.0.0.198,11.0.0.308
1300,823,11.0.0.198,11.0.0.308
1300,824,11.0.0.198,11.0.0.18
1300,825,11.0.0.198,11.0.0.138
1300,826,11.0.0.198,11.0.0.305
1300,827,11.0.0.198,11.0.0.310
1300,827,11.0.0.198,11.0.0.310
1300,827,11.0.0.198,11.0.0.310
1300,828,11.0.0.198,11.0.0.341
1300,828,11.0.0.198,11.0.0.138
1300,828,11.0.0.198,11.0.0.138
1300,828,11.0.0.198,11.0.0.341
1300,829,11.0.0.198,11.0.0.20
1300,829,11.0.0.198,11.0.0.20
1300,831,11.0.0.198,11.0.0.150
1300,831,11.0.0.198,11.0.0.20
1300,831,11.0.0.198,11.0.0.150
1300,832,11.0.0.198,11.0.0.20
1300,832,11.0.0.198,11.0.0.20
1300,832,11.0.0.198,11.0.0.86
1300,832,11.0.0.198,11.0.0.86
1300,832,11.0.0.198,11.0.0.20
1300,832,11.0.0.198,11.0.0.86
1300,833,11.0.0.198,11.0.0.33
1300,833,11.0.0.198,11.0.0.293
1300,833,11.0.0.198,11.0.0.293
1300,833,11.0.0.198,11.0.0.293
1300,833,11.0.0.198,11.0.0.33
1300,836,11.0.0.198,11.0.0.273
1300,836,11.0.0.198,11.0.0.263
1300,836,11.0.0.198,11.0.0.263
1300,836,11.0.0.198,11.0.0.263
1300,838,11.0.0.198,11.0.0.311
1300,838,11.0.0.198,11.0.0.311
1300,839,11.0.0.198,11.0.0.112
1300,842,11.0.0.198,11.0.0.275
1300,842,11.0.0.198,11.0.0.275
1300,845,11.0.0.198,11.0.0.172
1300,845,11.0.0.198,11.0.0.172
1300,846,11.0.0.198,11.0.0.2
1300,846,11.0.0.198,11.0.0.305
1300,846,11.0.0.198,11.0.0.2
1300,846,11.0.0.198,11.0.0.2
1300,846,11.0.0.198,11.0.0.305
1300,846,11.0.0.198,11.0.0.305
1300,847,11.0.0.198,11.0.0.156
1300,847,11.0.0.198,11.0.0.156
1300,847,11.0.0.198,11.0.0.156
1300,850,11.0.0.198,11.0.0.311
1300,850,11.0.0.198,11.0.0.311
1300,850,11.0.0.198,11.0.0.2
1300,852,11.0.0.198,11.0.0.296
1300,852,11.0.0.198,11.0.0.256
1300,852,11.0.0.198,11.0.0.256
1300,852,11.0.0.198,11.0.0.256
1300,853,11.0.0.198,11.0.0.285
1300,853,11.0.0.198,11.0.0.285
1300,853,11.0.0.198,11.0.0.154
1300,853,11.0.0.198,11.0.0.154
1300,854,11.0.0.198,11.0.0.18
1300,854,11.0.0.198,11.0.0.18
1300,855,11.0.0.198,11.0.0.287
1300,857,11.0.0.198,11.0.0.190
1300,858,11.0.0.198,11.0.0.137
1300,858,11.0.0.198,11.0.0.172
1300,858,11.0.0.198,11.0.0.137
1300,858,11.0.0.198,11.0.0.172
1300,859,11.0.0.198,11.0.0.6
1300,859,11.0.0.198,11.0.0.6
1300,859,11.0.0.198,11.0.0.6
1300,860,11.0.0.198,11.0.0.172
1300,860,11.0.0.198,11.0.0.172
1300,860,11.0.0.198,11.0.0.190
1300,860,11.0.0.198,11.0.0.190
1300,864,11.0.0.198,11.0.0.150
1300,864,11.0.0.198,11.0.0.150
1300,865,11.0.0.198,11.0.0.112
1300,865,11.0.0.198,11.0.0.341
1300,865,11.0.0.198,11.0.0.112
1300,865,11.0.0.198,11.0.0.341
1300,865,11.0.0.198,11.0.0.112
1300,865,11.0.0.198,11.0.0.341
1300,866,11.0.0.198,11.0.0.172
1300,866,11.0.0.198,11.0.0.172
1300,866,11.0.0.198,11.0.0.172
1300,867,11.0.0.198,11.0.0.112
1300,867,11.0.0.198,11.0.0.112
1300,867,11.0.0.198,11.0.0.112
1300,868,11.0.0.198,11.0.0.58
1300,868,11.0.0.198,11.0.0.58
1300,876,11.0.0.198,11.0.0.341
1300,877,11.0.0.198,11.0.0.285
1300,877,11.0.0.198,11.0.0.285
1300,879,11.0.0.198,11.0.0.58
1300,879,11.0.0.198,11.0.0.33
1300,879,11.0.0.198,11.0.0.58
1300,879,11.0.0.198,11.0.0.33
1300,879,11.0.0.198,11.0.0.58
1300,882,11.0.0.198,11.0.0.68
1300,882,11.0.0.198,11.0.0.68
1300,882,11.0.0.198,11.0.0.209
1300,882,11.0.0.198,11.0.0.68
1300,883,11.0.0.198,11.0.0.137
1300,883,11.0.0.198,11.0.0.137
1300,883,11.0.0.198,11.0.0.5
1300,883,11.0.0.198,11.0.0.5
1300,884,11.0.0.198,11.0.0.273
1300,884,11.0.0.198,11.0.0.273
1300,884,11.0.0.198,11.0.0.6
1300,884,11.0.0.198,11.0.0.6
1300,884,11.0.0.198,11.0.0.273
1300,885,11.0.0.198,11.0.0.319
1300,885,11.0.0.198,11.0.0.319
1300,885,11.0.0.198,11.0.0.172
1300,885,11.0.0.198,11.0.0.319
1300,885,11.0.0.198,11.0.0.172
1300,887,11.0.0.198,11.0.0.172
1300,887,11.0.0.198,11.0.0.172
1300,887,11.0.0.198,11.0.0.6
1300,890,11.0.0.198,11.0.0.18
1300,892,11.0.0.198,11.0.0.249
1300,892,11.0.0.198,11.0.0.179
1300,892,11.0.0.198,11.0.0.249
1300,892,11.0.0.198,11.0.0.179
1300,893,11.0.0.198,11.0.0.341
1300,893,11.0.0.198,11.0.0.341
1300,893,11.0.0.198,11.0.0.138
1300,893,11.0.0.198,11.0.0.341
1300,893,11.0.0.198,11.0.0.138
1300,895,11.0.0.198,11.0.0.275
1300,895,11.0.0.198,11.0.0.72
1300,895,11.0.0.198,11.0.0.275
1300,896,11.0.0.198,11.0.0.296
1300,896,11.0.0.198,11.0.0.296
1300,897,11.0.0.198,11.0.0.341
1300,897,11.0.0.198,11.0.0.341
1300,899,11.0.0.198,11.0.0.296
1300,899,11.0.0.198,11.0.0.273
1300,899,11.0.0.198,11.0.0.296
1300,899,11.0.0.198,11.0.0.273
1300,900,11.0.0.198,11.0.0.287
1300,900,11.0.0.198,11.0.0.287
1300,902,11.0.0.198,11.0.0.22
1300,903,11.0.0.198,11.0.0.308
1300,903,11.0.0.198,11.0.0.137
1300,903,11.0.0.198,11.0.0.308
1300,903,11.0.0.198,11.0.0.137
1300,903,11.0.0.198,11.0.0.137
1300,905,11.0.0.198,11.0.0.58
1300,905,11.0.0.198,11.0.0.58
1300,909,11.0.0.198,11.0.0.172
1300,909,11.0.0.198,11.0.0.172
1300,912,11.0.0.198,11.0.0.172
1300,912,11.0.0.198,11.0.0.172
1300,912,11.0.0.198,11.0.0.172
1300,913,11.0.0.198,11.0.0.209
1300,913,11.0.0.198,11.0.0.224
1300,913,11.0.0.198,11.0.0.209
1300,914,11.0.0.198,11.0.0.101
1300,914,11.0.0.198,11.0.0.101
1300,914,11.0.0.198,11.0.0.101
1300,915,11.0.0.198,11.0.0.287
1300,918,11.0.0.198,11.0.0.256
1300,918,11.0.0.198,11.0.0.256
1300,918,11.0.0.198,11.0.0.154
1300,918,11.0.0.198,11.0.0.154
1300,919,11.0.0.198,11.0.0.112
1300,919,11.0.0.198,11.0.0.112
1300,921,11.0.0.198,11.0.0.275
1300,921,11.0.0.198,11.0.0.22
1300,921,11.0.0.198,11.0.0.275
1300,921,11.0.0.198,11.0.0.275
1300,921,11.0.0.198,11.0.0.22
1300,921,11.0.0.198,11.0.0.22
1300,922,11.0.0.198,11.0.0.68
1300,922,11.0.0.198,11.0.0.68
1300,923,11.0.0.198,11.0.0.311
1300,924,11.0.0.198,11.0.0.347
1300,925,11.0.0.198,11.0.0.224
1300,925,11.0.0.198,11.0.0.256
1300,925,11.0.0.198,11.0.0.256
1300,925,11.0.0.198,11.0.0.224
1300,926,11.0.0.198,11.0.0.30
1300,926,11.0.0.198,11.0.0.30
1300,926,11.0.0.198,11.0.0.30
1300,927,11.0.0.198,11.0.0.58
1300,927,11.0.0.198,11.0.0.58
1300,927,11.0.0.198,11.0.0.58
1300,928,11.0.0.198,11.0.0.6
1300,928,11.0.0.198,11.0.0.6
1300,928,11.0.0.198,11.0.0.6
1300,929,11.0.0.198,11.0.0.72
1300,929,11.0.0.198,11.0.0.72
1300,930,11.0.0.198,11.0.0.273
1300,930,11.0.0.198,11.0.0.273
1300,931,11.0.0.198,11.0.0.209
1300,931,11.0.0.198,11.0.0.172
1300,931,11.0.0.198,11.0.0.209
1300,931,11.0.0.198,11.0.0.172
1300,932,11.0.0.198,11.0.0.287
1300,932,11.0.0.198,11.0.0.287
1300,932,11.0.0.198,11.0.0.287
1300,933,11.0.0.198,11.0.0.273
1300,933,11.0.0.198,11.0.0.151
1300,933,11.0.0.198,11.0.0.151
1300,933,11.0.0.198,11.0.0.273
1300,933,11.0.0.198,11.0.0.151
1300,934,11.0.0.198,11.0.0.101
1300,934,11.0.0.198,11.0.0.273
1300,934,11.0.0.198,11.0.0.273
1300,934,11.0.0.198,11.0.0.101
1300,935,11.0.0.198,11.0.0.154
1300,935,11.0.0.198,11.0.0.154
1300,935,11.0.0.198,11.0.0.179
1300,935,11.0.0.198,11.0.0.179
1300,937,11.0.0.198,11.0.0.285
1300,937,11.0.0.198,11.0.0.285
1300,937,11.0.0.198,11.0.0.285
1300,938,11.0.0.198,11.0.0.190
1300,938,11.0.0.198,11.0.0.190
1300,940,11.0.0.198,11.0.0.224
1300,940,11.0.0.198,11.0.0.33
1300,940,11.0.0.198,11.0.0.224
1300,940,11.0.0.198,11.0.0.33
1300,943,11.0.0.198,11.0.0.150
1300,943,11.0.0.198,11.0.0.22
1300,943,11.0.0.198,11.0.0.22
1300,944,11.0.0.198,11.0.0.22
1300,944,11.0.0.198,11.0.0.22
1300,944,11.0.0.198,11.0.0.249
1300,944,11.0.0.198,11.0.0.249
1300,944,11.0.0.198,11.0.0.22
1300,946,11.0.0.198,11.0.0.138
1300,946,11.0.0.198,11.0.0.138
1300,946,11.0.0.198,11.0.0.138
1300,947,11.0.0.198,11.0.0.319
1300,947,11.0.0.198,11.0.0.319
1300,947,11.0.0.198,11.0.0.319
1300,948,11.0.0.198,11.0.0.172
1300,948,11.0.0.198,11.0.0.172
1300,949,11.0.0.198,11.0.0.30
1300,949,11.0.0.198,11.0.0.6
1300,949,11.0.0.198,11.0.0.6
1300,949,11.0.0.198,11.0.0.6
1300,949,11.0.0.198,11.0.0.30
1300,952,11.0.0.198,11.0.0.285
1300,952,11.0.0.198,11.0.0.22
1300,952,11.0.0.198,11.0.0.22
1300,952,11.0.0.198,11.0.0.22
1300,952,11.0.0.198,11.0.0.285
1300,953,11.0.0.198,11.0.0.138
1300,953,11.0.0.198,11.0.0.138
1300,953,11.0.0.198,11.0.0.263
1300,953,11.0.0.198,11.0.0.263
1300,954,11.0.0.198,11.0.0.58
1300,954,11.0.0.198,11.0.0.58
1300,956,11.0.0.198,11.0.0.310
1300,958,11.0.0.198,11.0.0.296
1300,958,11.0.0.198,11.0.0.296
1300,958,11.0.0.198,11.0.0.263
1300,960,11.0.0.198,11.0.0.137
1300,960,11.0.0.198,11.0.0.347
1300,960,11.0.0.198,11.0.0.347
1300,960,11.0.0.198,11.0.0.137
1300,960,11.0.0.198,11.0.0.137
1300,961,11.0.0.198,11.0.0.60
1300,961,11.0.0.198,11.0.0.22
1300,961,11.0.0.198,11.0.0.60
1300,961,11.0.0.198,11.0.0.60
1300,963,11.0.0.198,11.0.0.22
1300,965,11.0.0.198,11.0.0.256
1300,965,11.0.0.198,11.0.0.285
1300,965,11.0.0.198,11.0.0.256
1300,965,11.0.0.198,11.0.0.256
1300,965,11.0.0.198,11.0.0.285
1300,966,11.0.0.198,11.0.0.18
1300,966,11.0.0.198,11.0.0.18
1300,966,11.0.0.198,11.0.0.18
1300,967,11.0.0.198,11.0.0.190
1300,967,11.0.0.198,11.0.0.190
1300,968,11.0.0.198,11.0.0.285
1300,968,11.0.0.198,11.0.0.285
1300,969,11.0.0.198,11.0.0.6
1300,969,11.0.0.198,11.0.0.6
1300,970,11.0.0.198,11.0.0.150
1300,970,11.0.0.198,11.0.0.341
1300,971,11.0.0.198,11.0.0.60
1300,971,11.0.0.198,11.0.0.151
1300,971,11.0.0.198,11.0.0.60
1300,971,11.0.0.198,11.0.0.151
1300,971,11.0.0.198,11.0.0.60
1300,972,11.0.0.198,11.0.0.20
1300,972,11.0.0.198,11.0.0.224
1300,973,11.0.0.198,11.0.0.319
1300,973,11.0.0.198,11.0.0.319
1300,973,11.0.0.198,11.0.0.319
1300,975,11.0.0.198,11.0.0.273
1300,975,11.0.0.198,11.0.0.138
1300,975,11.0.0.198,11.0.0.273
1300,978,11.0.0.198,11.0.0.20
1300,978,11.0.0.198,11.0.0.137
1300,978,11.0.0.198,11.0.0.20
1300,980,11.0.0.198,11.0.0.179
1300,980,11.0.0.198,11.0.0.179
1300,980,11.0.0.198,11.0.0.179
1300,981,11.0.0.198,11.0.0.341
1300,981,11.0.0.198,11.0.0.20
1300,981,11.0.0.198,11.0.0.20
1300,981,11.0.0.198,11.0.0.20
1300,981,11.0.0.198,11.0.0.341
1300,982,11.0.0.198,11.0.0.30
1300,982,11.0.0.198,11.0.0.30
1300,982,11.0.0.198,11.0.0.30
1300,984,11.0.0.198,11.0.0.72
1300,984,11.0.0.198,11.0.0.20
1300,984,11.0.0.198,11.0.0.72
1300,984,11.0.0.198,11.0.0.20
1300,984,11.0.0.198,11.0.0.20
1300,986,11.0.0.198,11.0.0.263
1300,986,11.0.0.198,11.0.0.263
1300,986,11.0.0.198,11.0.0.6
1300,986,11.0.0.198,11.0.0.263
1300,986,11.0.0.198,11.0.0.6
1300,987,11.0.0.198,11.0.0.60
1300,987,11.0.0.198,11.0.0.60
1300,987,11.0.0.198,11.0.0.6
1300,987,11.0.0.198,11.0.0.6
1300,987,11.0.0.198,11.0.0.6
1300,988,11.0.0.198,11.0.0.347
1300,988,11.0.0.198,11.0.0.347
1300,988,11.0.0.198,11.0.0.347
1300,989,11.0.0.198,11.0.0.18
1300,989,11.0.0.198,11.0.0.60
1300,989,11.0.0.198,11.0.0.18
1300,989,11.0.0.198,11.0.0.60
1300,990,11.0.0.198,11.0.0.308
1300,990,11.0.0.198,11.0.0.308
1300,992,11.0.0.198,11.0.0.154
1300,992,11.0.0.198,11.0.0.172
1300,992,11.0.0.198,11.0.0.172
1300,992,11.0.0.198,11.0.0.154
1300,992,11.0.0.198,11.0.0.172
1300,993,11.0.0.198,11.0.0.308
1300,995,11.0.0.198,11.0.0.347
1300,995,11.0.0.198,11.0.0.209
1300,995,11.0.0.198,11.0.0.209
1300,995,11.0.0.198,11.0.0.347
1300,998,11.0.0.198,11.0.0.2
1300,998,11.0.0.198,11.0.0.2
1300,998,11.0.0.198,11.0.0.2
1300,998,11.0.0.198,11.0.0.311
1300,998,11.0.0.198,11.0.0.311
